region,amplitude_A,frequency_THz,is_baseline,coordinate_treatment,analysis_stage,filename,frame,timestep,time_ps,strain_xy,cell_volume_A3,total_line_length_A,dislocation_density_A-2,dislocation_density_m-2,segment_count,segment_number_density_A-3,segment_number_density_m-3,shockley_length_A,perfect_length_A,stair_rod_length_A,hirth_length_A,frank_length_A,other_length_A,shockley_density_A-2,perfect_density_A-2,stair_rod_density_A-2,hirth_density_A-2,frank_density_A-2,other_density_A-2,fcc_count,hcp_count,other_atom_count,hcp_fraction,other_atom_fraction,coherent_correction_applied,has_PE,has_KE
flow,0.5,1.5,0,registered,before,flow_dump_0.5_1.5.shear.wave,1850,185000,185.0,0.185,158683.45183699526,1441.826292300768,0.00908617928088594,9.086179280885939e+17,126,0.0007940336471217632,7.940336471217631e+26,1167.4654380944578,4.603785611908546,121.82863208346481,44.556678307427724,0.0,103.37175820350976,0.007357197140466265,2.9012386349130486e-05,0.0007677462941038811,0.00028078969666728564,0.0,0.0006514337632993802,5939,3062,4499,0.2268148148148148,0.33325925925925926,0,0,0
flow,0.5,1.5,0,registered,before,flow_dump_0.5_1.5.shear.wave,1855,185500,185.5,0.1855,158683.45183699526,1437.2295380341995,0.009057211205050972,9.057211205050972e+17,125,0.000787731792779527,7.87731792779527e+26,1161.7754451855296,6.342864394528773,133.7958539195755,24.720090279973533,0.0,110.59528425459212,0.0073213396339458425,3.997180752687663e-05,0.0008431619829962794,0.0001557824082713225,0.0,0.0006969553723106499,5928,3069,4503,0.22733333333333333,0.33355555555555555,0,0,0
flow,0.5,1.5,0,registered,before,flow_dump_0.5_1.5.shear.wave,1860,186000,186.0,0.186,158683.45183699526,4975.515810919432,0.03135497591790757,3.135497591790757e+18,135,0.0008507503362018892,8.507503362018892e+26,3685.6746195561204,0.0,448.83295727585386,257.259246710078,0.0,583.7489873773791,0.02322658460531955,0.0,0.0028284799207475616,0.001621210300960323,0.0,0.00367870109088013,5915,3025,4560,0.22407407407407406,0.3377777777777778,0,0,0
flow,0.5,1.5,0,registered,before,flow_dump_0.5_1.5.shear.wave,1865,186500,186.5,0.1865,158683.45183699526,1704.3169668455046,0.0107403572780622,1.07403572780622e+18,122,0.0007688262297528183,7.688262297528184e+26,1352.8907364199413,0.0,161.42633713868145,67.77793029904024,0.0,122.22196298784144,0.008525720361879159,0.0,0.001017285263648687,0.0004271266443627903,0.0,0.0007702250081715626,5911,3021,4568,0.22377777777777777,0.3383703703703704,0,0,0
flow,0.5,1.5,0,registered,before,flow_dump_0.5_1.5.shear.wave,1870,187000,187.0,0.187,158683.45183699526,1550.0191724865495,0.009767995052683748,9.767995052683748e+17,129,0.0008129392101484719,8.129392101484719e+26,1208.4069916005535,6.442923376896207,156.38005819092385,52.4617493373733,0.0,126.32744998080318,0.007615204847206551,4.0602364659388584e-05,0.0009854843487496255,0.00033060630286303386,0.0,0.0007960971892051529,5916,3027,4557,0.2242222222222222,0.33755555555555555,0,0,0
flow,0.5,1.5,0,registered,before,flow_dump_0.5_1.5.shear.wave,1875,187500,187.5,0.1875,158683.45183699526,1536.1960074072153,0.009680883479805098,9.680883479805098e+17,131,0.0008255429188329443,8.255429188329443e+26,1202.2306791004264,7.870538299511893,144.28804290422232,62.24720794551858,0.0,119.55953915753562,0.007576282625458617,4.959898595851547e-05,0.0009092822297087389,0.000392272837683547,0.0,0.0007534468009956768,5888,3011,4601,0.22303703703703703,0.3408148148148148,0,0,0
flow,0.5,1.5,0,registered,before,flow_dump_0.5_1.5.shear.wave,1880,188000,188.0,0.188,158683.45183699526,1497.927042607647,0.009439718037810053,9.439718037810053e+17,126,0.0007940336471217632,7.940336471217631e+26,1221.3909315814399,5.9249625163137605,139.40151732368602,37.20419762059687,0.0,94.00543356561074,0.007697027745754433,3.733825076101869e-05,0.0008784880572605878,0.00023445543432477268,0.0,0.0005924085497092422,5867,2993,4640,0.2217037037037037,0.3437037037037037,0,0,0
flow,0.5,1.5,0,registered,before,flow_dump_0.5_1.5.shear.wave,1885,188500,188.5,0.1885,158683.45183699526,1533.7373097756965,0.009665389125459665,9.665389125459665e+17,128,0.0008066373558062356,8.066373558062357e+26,1190.2230546991996,5.014848463179432,151.90362676925645,28.928189075994343,0.0,157.66759076806719,0.007500612325485804,3.160284456334392e-05,0.0009572745299572682,0.0001823012339415852,0.0,0.0009935981915116668,5835,3005,4660,0.2225925925925926,0.3451851851851852,0,0,0
flow,0.5,1.5,0,registered,before,flow_dump_0.5_1.5.shear.wave,1890,189000,189.0,0.189,158683.4518369953,1488.4590490642256,0.009380052121586177,9.380052121586177e+17,121,0.000762524375410582,7.62524375410582e+26,1203.1402573759274,0.0,167.0499310768173,9.040746322285841,0.0,109.22811428919475,0.007582014655263685,0.0,0.0010527243335267016,5.697346646815312e-05,0.0,0.0006883396663276355,5870,3010,4620,0.22296296296296297,0.3422222222222222,0,0,0
flow,0.5,1.5,0,registered,before,flow_dump_0.5_1.5.shear.wave,1895,189500,189.5,0.1895,158683.45183699526,1497.1161961776575,0.009434608201714337,9.434608201714337e+17,129,0.0008129392101484719,8.129392101484719e+26,1212.6033220505008,10.534191187355,132.72377370722762,30.244553758185795,0.0,111.0103554743877,0.007641649510474009,6.638493847597959e-05,0.0008364058896548693,0.0001905967724300198,0.0,0.000699571090679456,5912,3016,4572,0.22340740740740742,0.33866666666666667,0,0,0
flow,0.5,1.5,0,registered,before,flow_dump_0.5_1.5.shear.wave,1900,190000,190.0,0.19,158683.45183699526,1501.7487813824728,0.009463802078903082,9.463802078903082e+17,126,0.0007940336471217632,7.940336471217631e+26,1205.5387239756446,11.467998671675558,139.27213712580374,44.83362218934846,0.0,100.63629942000073,0.007597129442419823,7.226965722585777e-05,0.0008776727220987639,0.00028253495667212355,0.0,0.0006341953004865156,5911,3054,4535,0.2262222222222222,0.3359259259259259,0,0,0
flow,0.5,1.5,0,registered,during_vibration,flow_dump_0.5_1.5.shear.wave,1910,191000,191.0,0.191,158683.45183699526,807.4834892241026,0.0050886433328509615,5.088643332850961e+17,69,0.0004348279496142989,4.3482794961429895e+26,651.9652550514008,0.0,94.23362452597358,25.706577488538176,0.0,35.57803215819003,0.004108590073532812,0.0,0.0005938465759036638,0.00016199910697017606,0.0,0.00022420757644430955,4529,1635,7336,0.12111111111111111,0.5434074074074075,1,0,0
flow,0.5,1.5,0,registered,during_vibration,flow_dump_0.5_1.5.shear.wave,1911,191100,191.1,0.1911,158683.45183699526,703.0746005675032,0.004430673724502314,4.4306737245023136e+17,60,0.00037811126053417294,3.78111260534173e+26,610.3213218997921,0.0,46.806889273491706,20.485974472133666,3.3870359349575447,22.073378987128375,0.003846156072573552,0.0,0.0002949701984147235,0.00012909962718215582,2.1344607114022305e-05,0.0001391032192178606,4555,1576,7369,0.11674074074074074,0.5458518518518518,1,0,0
flow,0.5,1.5,0,registered,during_vibration,flow_dump_0.5_1.5.shear.wave,1912,191200,191.20000000000002,0.19119999999999998,158683.45183699526,930.974088427015,0.005866863101663187,5.866863101663187e+17,86,0.0005419594734323146,5.419594734323146e+26,817.8022751987073,0.0,77.70042128550503,0.0,0.0,35.47139194280244,0.00515367081905163,0.0,0.0004896567372716431,0.0,0.0,0.0002235355453399123,4737,1752,7011,0.12977777777777777,0.5193333333333333,1,0,0
flow,0.5,1.5,0,registered,during_vibration,flow_dump_0.5_1.5.shear.wave,1913,191300,191.3,0.1913,158683.45183699526,813.8707620649017,0.0051288949959377985,5.1288949959377984e+17,72,0.00045373351264100755,4.5373351264100753e+26,683.3189003620024,0.0,96.78397213291535,13.272370006150982,0.0,20.495519563832715,0.004306176179378361,0.0,0.0006099184950446816,8.364054255502828e-05,0.0,0.0001291597789597265,4589,1727,7184,0.12792592592592592,0.5321481481481481,1,0,0
flow,0.5,1.5,0,registered,during_vibration,flow_dump_0.5_1.5.shear.wave,1914,191400,191.4,0.1914,158683.45183699526,666.8234146043812,0.004202224030829401,4.202224030829401e+17,57,0.0003592056975074643,3.592056975074643e+26,586.5136071100765,0.0,48.966121729091526,15.06373136845161,0.0,16.279954396761852,0.003696123321747261,0.0,0.00030857736684094253,9.492944093455667e-05,0.0,0.00010259390130664126,4419,1503,7578,0.11133333333333334,0.5613333333333334,1,0,0
flow,0.5,1.5,0,registered,during_vibration,flow_dump_0.5_1.5.shear.wave,1915,191500,191.5,0.1915,158683.45183699526,721.7717156187913,0.004548500220175563,4.548500220175563e+17,63,0.0003970168235608816,3.970168235608816e+26,615.6136194492755,0.0,40.25122365143607,0.0,0.0,65.9068725180795,0.00387950736086617,0.0,0.0002536573485481235,0.0,0.0,0.000415335510761268,4720,1716,7064,0.12711111111111112,0.5232592592592593,1,0,0
flow,0.5,1.5,0,registered,during_vibration,flow_dump_0.5_1.5.shear.wave,1916,191600,191.6,0.1916,158683.4518369953,915.9400978063973,0.005772121082589508,5.772121082589508e+17,81,0.0005104502017211334,5.1045020172113336e+26,766.4056093742231,9.841733629140057,96.79930449353293,0.0,4.903741024576854,37.9897092849242,0.00482977651734914,6.202117180592845e-05,0.0006100151173480161,0.0,3.090266166893151e-05,0.00023940561441749102,4691,1725,7084,0.12777777777777777,0.5247407407407407,1,0,0
flow,0.5,1.5,0,registered,during_vibration,flow_dump_0.5_1.5.shear.wave,1917,191700,191.70000000000002,0.19169999999999998,158683.45183699526,689.3141901055851,0.004343957622081922,4.3439576220819226e+17,59,0.00037180940619193677,3.7180940619193676e+26,579.1335115905475,0.0,72.65736085636725,13.01635306806335,0.0,24.506964590606643,0.0036496150347514,0.0,0.00045787610500812163,8.20271611020547e-05,0.0,0.00015443932122034365,4431,1560,7509,0.11555555555555555,0.5562222222222222,1,0,0
flow,0.5,1.5,0,registered,during_vibration,flow_dump_0.5_1.5.shear.wave,1918,191800,191.8,0.1918,158683.45183699526,835.4539505362168,0.0052649091059250586,5.2649091059250586e+17,68,0.0004285260952720627,4.2852609527206266e+26,752.6545394545115,6.898543141187263,63.636615705903196,6.788858457190752,0.0,5.475393777424086,0.0047431192776652125,4.3473614049394816e-05,0.00040102868301146346,4.27823971472746e-05,0.0,3.450513405171314e-05,4637,1618,7245,0.11985185185185185,0.5366666666666666,1,0,0
flow,0.5,1.5,0,registered,during_vibration,flow_dump_0.5_1.5.shear.wave,1919,191900,191.9,0.1919,158683.45183699526,867.645685266256,0.005467776729217673,5.467776729217673e+17,77,0.00048524278435218865,4.852427843521887e+26,742.3147343259498,0.0,72.84507735458311,0.0,0.0,52.485873585723134,0.00467795933181791,0.0,0.00045905906703751264,0.0,0.0,0.0003307583303622504,4761,1754,6985,0.12992592592592592,0.5174074074074074,1,0,0
flow,0.5,1.5,0,registered,during_vibration,flow_dump_0.5_1.5.shear.wave,1920,192000,192.0,0.192,158683.4518369953,827.3029508676303,0.00521354269327001,5.2135426932700096e+17,76,0.0004789409300099523,4.7894093000995234e+26,696.2881941137518,2.6794298088668675,67.53452488596058,11.243609837996907,0.0,49.55719222105413,0.00438790677952356,1.6885376375724822e-05,0.0004255927389034504,7.085559147999064e-05,0.0,0.0003123022069872847,4552,1626,7322,0.12044444444444445,0.5423703703703704,1,0,0
flow,0.5,1.5,0,registered,during_vibration,flow_dump_0.5_1.5.shear.wave,1921,192100,192.1,0.1921,158683.45183699526,720.3719514066925,0.004539679109997441,4.539679109997441e+17,58,0.00036550755184970053,3.6550755184970054e+26,658.6138848230171,0.0,25.532641528311572,4.732833541498998,0.0,31.49259151386487,0.004150488769928993,0.0,0.000160902987883951,2.982562760457667e-05,0.0,0.00019846172457992073,4541,1539,7420,0.114,0.5496296296296296,1,0,0
flow,0.5,1.5,0,registered,during_vibration,flow_dump_0.5_1.5.shear.wave,1922,192200,192.20000000000002,0.19219999999999998,158683.45183699526,924.512700833108,0.005826144378197654,5.826144378197654e+17,75,0.0004726390756677162,4.726390756677162e+26,780.1396932170792,20.522560230032518,71.81898263910458,0.0,0.0,52.03146474689173,0.00491632671325088,0.0001293301852994347,0.00045259276759922857,0.0,0.0,0.0003278947120481102,4773,1717,7010,0.12718518518518518,0.5192592592592593,1,0,0
flow,0.5,1.5,0,registered,during_vibration,flow_dump_0.5_1.5.shear.wave,1923,192300,192.3,0.1923,158683.45183699526,912.6253542399675,0.0057512320514520035,5.751232051452003e+17,82,0.0005167520560633698,5.167520560633698e+26,755.5236025950871,25.237121477881946,92.77720770072972,0.0,0.0,39.08742246626854,0.004761199695675799,0.0001590406635709332,0.0005846684492093948,0.0,0.0,0.0002463232429958758,4603,1695,7202,0.12555555555555556,0.5334814814814814,1,0,0
flow,0.5,1.5,0,registered,during_vibration,flow_dump_0.5_1.5.shear.wave,1924,192400,192.4,0.1924,158683.4518369953,675.6948675346823,0.0042581306350001616,4.258130635000161e+17,55,0.00034660198882299184,3.466019888229918e+26,595.2297960107304,0.0,57.07132405566353,8.523726981866206,2.7969477922565984,12.073072694165427,0.003751051474618598,0.0,0.0003596551713173534,5.3715285892709534e-05,1.762595758964024e-05,7.608274558185988e-05,4488,1558,7454,0.1154074074074074,0.5521481481481482,1,0,0
flow,0.5,1.5,0,registered,during_vibration,flow_dump_0.5_1.5.shear.wave,1925,192500,192.5,0.1925,158683.45183699526,808.7884525064736,0.00509686702137843,5.09686702137843e+17,68,0.0004285260952720627,4.2852609527206266e+26,717.2322619492974,6.51328999669774,72.31726198077165,0.0,0.0,12.725638579706917,0.004519893244357083,4.104580484793336e-05,0.00045573285143215984,0.0,0.0,8.019512074125475e-05,4704,1698,7098,0.12577777777777777,0.5257777777777778,1,0,0
flow,0.5,1.5,0,registered,during_vibration,flow_dump_0.5_1.5.shear.wave,1926,192600,192.6,0.1926,158683.45183699526,889.4772010391648,0.0056053557616887765,5.6053557616887763e+17,81,0.0005104502017211335,5.104502017211335e+26,774.7227619565052,4.393912249599902,72.9202800197358,0.0,0.0,37.44024681332405,0.004882190001464837,2.768979498954604e-05,0.00045953298327945283,0.0,0.0,0.00023594298195494184,4765,1759,6976,0.1302962962962963,0.5167407407407407,1,0,0
flow,0.5,1.5,0,registered,during_vibration,flow_dump_0.5_1.5.shear.wave,1927,192700,192.70000000000002,0.19269999999999998,158683.45183699526,750.6734084239514,0.004730634478477738,4.730634478477738e+17,63,0.0003970168235608816,3.970168235608816e+26,629.2007553337099,0.0,83.17913409721722,0.0,0.0,38.29351899302419,0.003965131512138047,0.0,0.0005241827873939968,0.0,0.0,0.00024132017894569453,4469,1527,7504,0.1131111111111111,0.5558518518518518,1,0,0
flow,0.5,1.5,0,registered,during_vibration,flow_dump_0.5_1.5.shear.wave,1928,192800,192.8,0.1928,158683.45183699526,692.6064668430092,0.004364705070535501,4.364705070535501e+17,57,0.0003592056975074643,3.592056975074643e+26,625.4590039760395,0.0,30.5139090847402,0.0,4.687995053947319,31.94555872828198,0.003941551540097143,0.0,0.00019229421046427115,0.0,2.9543061987099818e-05,0.00020131625798698585,4636,1647,7217,0.122,0.5345925925925926,1,0,0
flow,0.5,1.5,0,registered,during_vibration,flow_dump_0.5_1.5.shear.wave,1929,192900,192.9,0.1929,158683.45183699526,803.1951931154421,0.005061619115397805,5.061619115397805e+17,69,0.0004348279496142989,4.3482794961429895e+26,635.6875892153089,13.45368772378224,109.23182060385149,5.444428612192143,0.0,39.37766696030702,0.004006010594402166,8.478318040120717e-05,0.0006883630229827488,3.430999609073815e-05,0.0,0.0002481523215209424,4740,1695,7065,0.12555555555555556,0.5233333333333333,1,0,0
flow,0.5,1.5,0,registered,during_vibration,flow_dump_0.5_1.5.shear.wave,1930,193000,193.0,0.193,158683.45183699526,781.9959370652803,0.004928024491605915,4.9280244916059155e+17,75,0.0004726390756677162,4.726390756677162e+26,621.9059589306181,19.089150983344,110.34841077517152,3.9350439791636127,0.0,26.717372396982924,0.003919160767749494,0.0001202970490139891,0.0006953996116023803,2.479807398698269e-05,0.0,0.00016836898925306885,4552,1636,7312,0.12118518518518519,0.5416296296296297,1,0,0
flow,0.5,1.5,0,registered,during_vibration,flow_dump_0.5_1.5.shear.wave,1931,193100,193.1,0.1931,158683.45183699526,691.447593331832,0.004357402018466986,4.357402018466986e+17,56,0.00035290384316522807,3.529038431652281e+26,630.8651901292079,0.0,37.23964885644239,0.0,0.0,23.34275434618148,0.003975620537781425,0.0,0.00023467884284932342,0.0,0.0,0.00014710263783623706,4539,1554,7407,0.11511111111111111,0.5486666666666666,1,0,0
flow,0.5,1.5,0,registered,during_vibration,flow_dump_0.5_1.5.shear.wave,1932,193200,193.20000000000002,0.19319999999999998,158683.45183699526,903.576767995931,0.005694209178938924,5.694209178938924e+17,83,0.0005230539104056059,5.2305391040560594e+26,773.9339695950647,17.125914759425996,75.45468078287418,0.0,0.0,37.06220285856625,0.00487721914689677,0.00010792502029145601,0.0004755044077336032,0.0,0.0,0.00023356060401709522,4739,1775,6986,0.13148148148148148,0.5174814814814814,1,0,0
flow,0.5,1.5,0,registered,during_vibration,flow_dump_0.5_1.5.shear.wave,1933,193300,193.3,0.1933,158683.45183699526,794.150295213916,0.00500461948628199,5.00461948628199e+17,71,0.0004474316582987713,4.474316582987713e+26,676.2047112063167,12.756240749994502,79.7055701751445,5.981926501145262,0.0,19.501846581314922,0.004261343595556113,8.038797116096342e-05,0.0005022928935086478,3.7697229496180166e-05,0.0,0.00012289779656008394,4675,1764,7061,0.13066666666666665,0.5230370370370371,1,0,0
flow,0.5,1.5,0,registered,during_vibration,flow_dump_0.5_1.5.shear.wave,1934,193400,193.4,0.1934,158683.45183699526,640.8066128911579,0.004038269935981826,4.038269935981826e+17,52,0.00032769642579628326,3.276964257962832e+26,531.2133466949815,10.37618097650755,47.13221722377155,5.114133283458523,12.066623278624654,34.904111433814144,0.003347629135523602,6.538918114263292e-05,0.0002970203677708453,3.222852303913785e-05,7.604210230452938e-05,0.0002199606262010784,4481,1556,7463,0.11525925925925926,0.5528148148148149,1,0,0
flow,0.5,1.5,0,registered,during_vibration,flow_dump_0.5_1.5.shear.wave,1935,193500,193.5,0.19349999999999998,158683.4518369953,709.5909461336045,0.00447173878510356,4.47173878510356e+17,63,0.00039701682356088153,3.970168235608816e+26,593.2996219477965,3.882176965767669,65.33713327443256,0.0,0.0,47.072013945607516,0.003738887798818826,2.4464913769052396e-05,0.0004117450970347491,0.0,0.0,0.0002966409754809304,4727,1742,7031,0.12903703703703703,0.5208148148148148,1,0,0
flow,0.5,1.5,0,registered,during_vibration,flow_dump_0.5_1.5.shear.wave,1936,193600,193.6,0.1936,158683.45183699526,869.5307822409296,0.0054796563357730555,5.4796563357730554e+17,75,0.0004726390756677162,4.726390756677162e+26,726.7579084372903,16.259942864363563,99.74008873907337,0.0,0.0,26.77284220020236,0.004579922481040048,0.00010246779154430229,0.000628547511315355,0.0,0.0,0.00016871855187335023,4710,1732,7058,0.1282962962962963,0.5228148148148148,1,0,0
flow,0.5,1.5,0,registered,during_vibration,flow_dump_0.5_1.5.shear.wave,1937,193700,193.70000000000002,0.19369999999999998,158683.45183699526,735.3460054752011,0.004634043417649952,4.634043417649952e+17,72,0.00045373351264100755,4.5373351264100753e+26,604.3787780023646,28.92659932074814,81.14534010046322,9.333227627521794,1.4736792397580307,10.088381184344884,0.0038087070265096193,0.00018229121553558383,0.0005113661138643386,5.881664105157723e-05,9.286911916132512e-06,6.357550877269795e-05,4480,1589,7431,0.1177037037037037,0.5504444444444444,1,0,0
flow,0.5,1.5,0,registered,during_vibration,flow_dump_0.5_1.5.shear.wave,1938,193800,193.8,0.1938,158683.45183699526,797.3957722686195,0.0050250720099518,5.0250720099518e+17,68,0.0004285260952720627,4.2852609527206266e+26,725.2073780846913,0.0,63.04270771199698,0.0,0.0,9.145686471931123,0.004570151264604753,0.0,0.00039728596134117674,0.0,0.0,5.7634784005870164e-05,4665,1676,7159,0.12414814814814815,0.5302962962962963,1,0,0
flow,0.5,1.5,0,registered,during_vibration,flow_dump_0.5_1.5.shear.wave,1939,193900,193.9,0.1939,158683.4518369953,860.9349892615182,0.005425486900460788,5.425486900460788e+17,77,0.00048524278435218855,4.8524278435218856e+26,697.1486278134328,13.462032445348846,70.18404700007954,0.0,0.0,80.1402820026573,0.0043933291073701,8.483576762104644e-05,0.00044228964134316185,0.0,0.0,0.0005050323841264807,4787,1828,6885,0.13540740740740742,0.51,1,0,0
flow,0.5,1.5,0,registered,during_vibration,flow_dump_0.5_1.5.shear.wave,1940,194000,194.0,0.19399999999999998,158683.45183699526,859.8637657111034,0.005418736205678101,5.418736205678101e+17,79,0.000497846493036661,4.97846493036661e+26,721.6311033347996,5.854317185221026,87.1470847769707,6.646554340916686,0.0,38.58470607319562,0.004547614102043118,3.6893054174513224e-05,0.0005491882346149805,4.188561733421479e-05,0.0,0.00024315519751127592,4620,1677,7203,0.12422222222222222,0.5335555555555556,1,0,0
flow,0.5,1.5,0,registered,during_vibration,flow_dump_0.5_1.5.shear.wave,1941,194100,194.1,0.1941,158683.45183699526,625.5386726074721,0.003942053600208077,3.942053600208077e+17,53,0.00033399828013851943,3.3399828013851945e+26,556.3735129320447,21.83106386386762,27.056897411764034,0.0,0.0,20.277198399795804,0.0035061848383760234,0.0001375761846061503,0.000170508626441765,0.0,0.0,0.00012778395078413842,4569,1591,7340,0.11785185185185185,0.5437037037037037,1,0,0
flow,0.5,1.5,0,registered,during_vibration,flow_dump_0.5_1.5.shear.wave,1942,194200,194.20000000000002,0.19419999999999998,158683.45183699526,849.3335551347436,0.005352376352432807,5.352376352432807e+17,75,0.0004726390756677162,4.726390756677162e+26,696.7898350707874,11.176152107012156,85.28694382172445,0.0,0.0,56.080624135219495,0.004391068047766898,7.0430482685067e-05,0.0005374658972589904,0.0,0.0,0.0003534119247218501,4820,1769,6911,0.13103703703703704,0.5119259259259259,1,0,0
flow,0.5,1.5,0,registered,during_vibration,flow_dump_0.5_1.5.shear.wave,1943,194300,194.3,0.1943,158683.4518369953,877.5915324878371,0.00553045400971821,5.5304540097182106e+17,77,0.00048524278435218855,4.8524278435218856e+26,713.7925683577187,42.81814551476593,98.33248317981976,0.0,0.0,22.64833543553263,0.004498216796361029,0.00026983371623872976,0.0006196769861096167,0.0,0.0,0.00014272651100883364,4681,1739,7080,0.12881481481481483,0.5244444444444445,1,0,0
flow,0.5,1.5,0,registered,during_vibration,flow_dump_0.5_1.5.shear.wave,1944,194400,194.4,0.1944,158683.45183699526,638.6705772060765,0.004024808950224623,4.0248089502246234e+17,54,0.00034030013448075566,3.403001344807557e+26,529.0800909981991,31.496917694735703,53.613958906562075,0.0,6.684785304805937,17.794824301773737,0.0033341856688477336,0.0001984889875416269,0.00033786735973979226,0.0,4.212654330000814e-05,0.00011214039079546337,4499,1572,7429,0.11644444444444445,0.5502962962962963,1,0,0
flow,0.5,1.5,0,registered,during_vibration,flow_dump_0.5_1.5.shear.wave,1945,194500,194.5,0.19449999999999998,158683.45183699526,782.7975675069611,0.00493307624988569,4.93307624988569e+17,67,0.00042222424092982645,4.2222424092982644e+26,654.316759507021,4.790135505130076,85.95213986549878,0.0,0.0,37.73853262931132,0.00412340891209725,3.0186736232903837e-05,0.0005416578658358881,0.0,0.0,0.00023782273571964867,4745,1725,7030,0.12777777777777777,0.5207407407407407,1,0,0
flow,0.5,1.5,0,registered,during_vibration,flow_dump_0.5_1.5.shear.wave,1946,194600,194.6,0.1946,158683.45183699526,850.0335180219517,0.005356787416592963,5.356787416592963e+17,73,0.0004600353669832438,4.600353669832438e+26,695.4634981020215,25.305203225619863,81.24944308681646,0.0,0.0,48.015373607493956,0.004382709665381013,0.00015946970482854243,0.0005120221557209286,0.0,0.0,0.00030258589066248,4769,1804,6927,0.13362962962962963,0.5131111111111111,1,0,0
flow,0.5,1.5,0,registered,during_vibration,flow_dump_0.5_1.5.shear.wave,1947,194700,194.70000000000002,0.19469999999999998,158683.4518369953,788.9571968887124,0.004971893337051644,4.971893337051644e+17,68,0.00042852609527206263,4.2852609527206266e+26,624.8984719865553,22.45202599288142,89.18281133221475,11.689624160234871,11.403412595468597,29.330850821357444,0.003938019149145249,0.00014148939749524013,0.0005620170868467507,7.366630877328549e-05,7.186264518106492e-05,0.00018483874961005406,4572,1609,7319,0.11918518518518519,0.5421481481481482,1,0,0
flow,0.5,1.5,0,registered,during_vibration,flow_dump_0.5_1.5.shear.wave,1948,194800,194.8,0.1948,158683.45183699526,707.118402914253,0.004456157177880324,4.456157177880324e+17,57,0.0003592056975074643,3.592056975074643e+26,591.3756754974122,17.075628792094022,37.124628952540085,0.0,0.0,61.54246967220663,0.0037267633685262426,0.00010760812544987147,0.00023395400416847308,0.0,0.0,0.00038783167973573595,4714,1701,7085,0.126,0.5248148148148148,1,0,0
flow,0.5,1.5,0,registered,during_vibration,flow_dump_0.5_1.5.shear.wave,1949,194900,194.9,0.1949,158683.45183699526,847.399161208539,0.005340186083669359,5.340186083669359e+17,74,0.00046633722132547996,4.6633722132548e+26,688.1648626956227,25.877758715926717,91.0793359482862,0.0,0.0,42.277203848703124,0.0043367147281527995,0.00016307786613130386,0.0005739687087336985,0.0,0.0,0.00026642478065155547,4787,1758,6955,0.1302222222222222,0.5151851851851852,1,0,0
flow,0.5,1.5,0,registered,during_vibration,flow_dump_0.5_1.5.shear.wave,1950,195000,195.0,0.19499999999999998,158683.45183699526,746.8888867018263,0.004706784973829877,4.706784973829877e+17,68,0.0004285260952720627,4.2852609527206266e+26,602.5885876282042,22.084792533942057,82.92965068128348,11.30646974076956,2.9168874683724244,25.06249864925418,0.003797425507526787,0.00013917514572740872,0.0005226105792459788,7.125172543123104e-05,1.8381799958377164e-05,0.00015794021594009176,4588,1685,7227,0.12481481481481481,0.5353333333333333,1,0,0
flow,0.5,1.5,0,registered,during_vibration,flow_dump_0.5_1.5.shear.wave,1951,195100,195.1,0.1951,158683.45183699526,688.4363340221009,0.004338425500910359,4.338425500910359e+17,49,0.00030879086276957456,3.0879086276957458e+26,604.2281336303719,19.738142122158216,52.687189043086256,0.0,0.0,11.782869226484904,0.0038077576876198436,0.0001243868966401983,0.0003320269910513935,0.0,0.0,7.425392559892537e-05,4607,1588,7305,0.11762962962962963,0.5411111111111111,1,0,0
flow,0.5,1.5,0,registered,during_vibration,flow_dump_0.5_1.5.shear.wave,1952,195200,195.20000000000002,0.19519999999999998,158683.45183699526,817.8450062323384,0.005153940103801467,5.153940103801467e+17,76,0.0004789409300099524,4.789409300099524e+26,675.451292209854,21.74845596760903,72.72094856942925,0.0,0.0,47.924309485445754,0.004256595658781732,0.0001370556016764101,0.0004582768255137943,0.0,0.0,0.0003020120178295286,4781,1816,6903,0.1345185185185185,0.5113333333333333,1,0,0
flow,0.5,1.5,0,registered,during_vibration,flow_dump_0.5_1.5.shear.wave,1953,195300,195.3,0.1953,158683.45183699526,793.108975842339,0.0049980572432785616,4.998057243278561e+17,73,0.0004600353669832438,4.600353669832438e+26,666.3209385135056,24.382991278957572,75.71940976005048,0.0,0.0,26.68563628982548,0.004199057499694246,0.00015365805946800657,0.00047717269118793744,0.0,0.0,0.00016816899292837305,4711,1784,7005,0.13214814814814815,0.5188888888888888,1,0,0
flow,0.5,1.5,0,registered,during_vibration,flow_dump_0.5_1.5.shear.wave,1954,195400,195.4,0.1954,158683.4518369953,676.3614429003272,0.004262331295862579,4.2623312958625786e+17,56,0.000352903843165228,3.5290384316522804e+26,561.5539133358585,7.000963018683842,64.05350505927339,0.0,7.478104864636056,36.2749566218756,0.003538830967155319,4.411904919912793e-05,0.00040365585899323136,0.0,4.712592761290449e-05,0.00022859949290199712,4540,1607,7353,0.11903703703703704,0.5446666666666666,1,0,0
flow,0.5,1.5,0,registered,during_vibration,flow_dump_0.5_1.5.shear.wave,1955,195500,195.5,0.19549999999999998,158683.45183699526,672.4302615942937,0.004237557563879034,4.237557563879034e+17,57,0.0003592056975074643,3.592056975074643e+26,563.4909644673313,16.51895561317708,60.42783935996867,0.0,0.0,31.992502153816673,0.003551037981239325,0.0001041000521601073,0.0003808074418625711,0.0,0.0,0.0002016120886170311,4750,1774,6976,0.13140740740740742,0.5167407407407407,1,0,0
flow,0.5,1.5,0,registered,during_vibration,flow_dump_0.5_1.5.shear.wave,1956,195600,195.6,0.1956,158683.45183699526,1021.9618933684799,0.0064402549953240995,6.4402549953241e+17,78,0.0004915446386944248,4.9154463869442485e+26,775.9924140915045,101.14505877271066,87.60233169451955,8.27450358075949,3.404044215359768,45.54354101362586,0.0048901911642849115,0.0006374014278225439,0.0005520571343791253,5.2144716320258305e-05,2.1451790819729026e-05,0.00028700876169753133,4742,1740,7018,0.1288888888888889,0.5198518518518519,1,0,0
flow,0.5,1.5,0,registered,during_vibration,flow_dump_0.5_1.5.shear.wave,1957,195700,195.70000000000002,0.19569999999999999,158683.45183699526,720.9335306756795,0.004543218100752217,4.543218100752217e+17,66,0.0004159223865875903,4.159223865875903e+26,608.0599105731881,30.19953524496966,66.7679924333727,0.0,0.0,15.906092424149074,0.0038319049877854105,0.0001903130723170277,0.0004207621630386445,0.0,0.0,0.00010023787761113442,4502,1640,7358,0.12148148148148148,0.545037037037037,1,0,0
flow,0.5,1.5,0,registered,during_vibration,flow_dump_0.5_1.5.shear.wave,1958,195800,195.8,0.1958,158683.4518369953,722.1156725974264,0.004550667786954917,4.5506677869549165e+17,62,0.0003907149692186453,3.907149692186453e+26,618.821975463915,17.61020382775888,67.95182948601033,0.0,0.0,17.731663819742458,0.0038997259531484653,0.0001109769394596271,0.00042822253170930904,0.0,0.0,0.00011174236263751679,4666,1702,7132,0.12607407407407406,0.5282962962962963,1,0,0
flow,0.5,1.5,0,registered,during_vibration,flow_dump_0.5_1.5.shear.wave,1959,195900,195.9,0.1959,158683.45183699526,869.2699951551929,0.005478012893544407,5.478012893544407e+17,76,0.0004789409300099524,4.789409300099524e+26,704.3498790217892,15.99134286437895,77.30942810917561,0.0,0.0,71.61934515984912,0.004438710343567015,0.00010077511346807461,0.0004871927552256069,0.0,0.0,0.00045133468128370947,4785,1876,6839,0.13896296296296295,0.5065925925925926,1,0,0
flow,0.5,1.5,0,registered,during_vibration,flow_dump_0.5_1.5.shear.wave,1960,196000,196.0,0.19599999999999998,158683.45183699526,833.2211679781155,0.005250838435466019,5.250838435466019e+17,74,0.00046633722132547996,4.6633722132548e+26,688.268283778733,26.246531810480327,81.95339164095513,5.3827450740174925,0.0,31.370215673929525,0.004337366472754477,0.00016540182045851642,0.0005164583369735383,3.392127541784774e-05,0.0,0.0001976905298616394,4630,1695,7175,0.12555555555555556,0.5314814814814814,1,0,0
flow,0.5,1.5,0,registered,during_vibration,flow_dump_0.5_1.5.shear.wave,1961,196100,196.1,0.1961,158683.45183699526,708.8051541702038,0.004466786838606909,4.466786838606909e+17,59,0.00037180940619193677,3.7180940619193676e+26,627.0985612064435,12.782534157067346,26.584517957914823,3.5828497496666643,0.0,38.75669109911132,0.0039518837909489095,8.055366838249761e-05,0.0001675317599293422,2.2578597252516808e-05,0.0,0.0002442390220936424,4589,1628,7283,0.1205925925925926,0.5394814814814815,1,0,0
flow,0.5,1.5,0,registered,during_vibration,flow_dump_0.5_1.5.shear.wave,1962,196200,196.20000000000002,0.19619999999999999,158683.4518369953,840.5055703233998,0.005296743678016243,5.2967436780162426e+17,74,0.0004663372213254799,4.663372213254799e+26,663.4641487922786,35.50840479896568,89.69396767919775,0.0,0.0,51.83904905295805,0.004181054426984675,0.00022376879496824312,0.0005652383196915471,0.0,0.0,0.0003266821363717798,4827,1789,6884,0.1325185185185185,0.5099259259259259,1,0,0
flow,0.5,1.5,0,registered,during_vibration,flow_dump_0.5_1.5.shear.wave,1963,196300,196.3,0.1963,158683.45183699526,914.1306511232779,0.005760718213152448,5.760718213152448e+17,83,0.0005230539104056059,5.2305391040560594e+26,745.9849888395277,33.15715827484093,103.64780488834359,0.0,4.934514926952133,26.406184193613456,0.004701088741161413,0.0002089515818505198,0.0006531733692988601,0.0,3.109659431924272e-05,0.0001664079265224123,4704,1754,7042,0.12992592592592592,0.5216296296296297,1,0,0
flow,0.5,1.5,0,registered,during_vibration,flow_dump_0.5_1.5.shear.wave,1964,196400,196.4,0.1964,158683.45183699526,679.9770463279925,0.004285116302023016,4.2851163020230163e+17,57,0.0003592056975074643,3.592056975074643e+26,574.5196702529965,22.96597183979713,53.807348194514915,4.281905148411926,0.0,24.402150892271962,0.003620539278683965,0.0001447282093623002,0.00033908607086381986,2.6983942552563308e-05,0.0,0.0001537788005603674,4569,1650,7281,0.12222222222222222,0.5393333333333333,1,0,0
flow,0.5,1.5,0,registered,during_vibration,flow_dump_0.5_1.5.shear.wave,1965,196500,196.5,0.19649999999999998,158683.45183699526,795.0331026551396,0.0050101828101888225,5.0101828101888224e+17,69,0.0004348279496142989,4.3482794961429895e+26,679.1781154713508,6.755814189468964,75.26654116055474,0.0,0.0,33.83263183376497,0.004280081556134942,4.257415698524603e-05,0.00047431877923774274,0.0,0.0,0.00021320831783089102,4751,1787,6962,0.13237037037037036,0.5157037037037037,1,0,0
flow,0.5,1.5,0,registered,during_vibration,flow_dump_0.5_1.5.shear.wave,1966,196600,196.6,0.1966,158683.4518369953,860.8627407462247,0.005425031600840965,5.425031600840965e+17,76,0.0004789409300099523,4.7894093000995234e+26,728.4575671563517,5.677778697833036,77.8174122629454,0.0,0.0,48.90998262909476,0.0045906334827190845,3.5780534341195395e-05,0.0004903939973708281,0.0,0.0,0.00030822358640985865,4746,1814,6940,0.13437037037037036,0.5140740740740741,1,0,0
flow,0.5,1.5,0,registered,during_vibration,flow_dump_0.5_1.5.shear.wave,1967,196700,196.70000000000002,0.19669999999999999,158683.45183699526,769.5957243175443,0.004849880157056942,4.849880157056942e+17,67,0.00042222424092982645,4.2222424092982644e+26,594.6918480730443,29.498050964688318,86.03931414450403,20.522893669549312,0.0,38.84361746575845,0.003747661405071594,0.00018589242055932627,0.0005422072254445686,0.0001293322865867015,0.0,0.0002447868193947524,4553,1612,7335,0.1194074074074074,0.5433333333333333,1,0,0
flow,0.5,1.5,0,registered,during_vibration,flow_dump_0.5_1.5.shear.wave,1968,196800,196.8,0.1968,158683.45183699526,715.0810834583267,0.004506336830842834,4.5063368308428346e+17,59,0.00037180940619193677,3.7180940619193676e+26,608.4767333759455,17.232796038053774,43.052692185472765,5.1757122825875035,0.0,41.14314957626716,0.0038345317443749106,0.00010859857054128023,0.00027131179519398075,3.261658492218937e-05,0.0,0.0002592781358104734,4667,1709,7124,0.1265925925925926,0.5277037037037037,1,0,0
flow,0.5,1.5,0,registered,during_vibration,flow_dump_0.5_1.5.shear.wave,1969,196900,196.9,0.1969,158683.45183699526,858.314755479896,0.005408974568826399,5.408974568826399e+17,76,0.0004789409300099524,4.789409300099524e+26,705.1188093017481,22.095092631863537,95.76183649846881,5.50249616332081,0.0,29.836520884495062,0.004443556030190652,0.00013924005544422064,0.0006034771451583902,3.4675929339961366e-05,0.0,0.00018802540869317674,4784,1740,6976,0.1288888888888889,0.5167407407407407,1,0,0
flow,0.5,1.5,0,registered,during_vibration,flow_dump_0.5_1.5.shear.wave,1970,197000,197.0,0.19699999999999998,158683.45183699526,802.3825073242456,0.005056497687915679,5.0564976879156794e+17,71,0.0004474316582987713,4.474316582987713e+26,705.1718005774245,23.364091032332663,67.72139007053809,0.0,0.0,6.125225643950162,0.004443889973491374,0.00014723709852450782,0.00042677033607829305,0.0,0.0,3.860027982150395e-05,4563,1700,7237,0.1259259259259259,0.536074074074074,1,0,0
flow,0.5,1.5,0,registered,during_vibration,flow_dump_0.5_1.5.shear.wave,1971,197100,197.1,0.1971,158683.45183699526,685.6596402287166,0.0043209271810714595,4.320927181071459e+17,51,0.000321394571454047,3.21394571454047e+26,584.2372211980587,19.44179990399872,69.04994638482671,0.0,0.0,12.930672741832478,0.003681777869303007,0.000122519391145902,0.0004351427044563981,0.0,0.0,8.148721616615247e-05,4574,1639,7287,0.12140740740740741,0.5397777777777778,1,0,0
flow,0.5,1.5,0,registered,during_vibration,flow_dump_0.5_1.5.shear.wave,1972,197200,197.20000000000002,0.1972,158683.45183699526,944.1595162507399,0.005949955747248371,5.949955747248371e+17,77,0.00048524278435218865,4.852427843521887e+26,773.6510997825703,46.58171522259918,81.65607509313082,0.0,0.0,42.27062615244001,0.004875436542540615,0.0002935511843443475,0.000514584691395613,0.0,0.0,0.0002663833289677978,4793,1827,6880,0.13533333333333333,0.5096296296296297,1,0,0
flow,0.5,1.5,0,registered,during_vibration,flow_dump_0.5_1.5.shear.wave,1973,197300,197.3,0.1973,158683.45183699526,764.9411925592468,0.004820547975884839,4.820547975884839e+17,64,0.0004033186779031178,4.0331867790311785e+26,640.432644073888,17.968160379278924,69.57402860621521,7.332339531885649,0.0,29.63401996797893,0.004035913238966852,0.00011323272950815561,0.000438445394278944,4.620733571776384e-05,0.0,0.00018674927741312274,4724,1774,7002,0.13140740740740742,0.5186666666666667,1,0,0
flow,0.5,1.5,0,registered,during_vibration,flow_dump_0.5_1.5.shear.wave,1974,197400,197.4,0.1974,158683.45183699526,747.7577526119125,0.004712260440238174,4.712260440238174e+17,59,0.00037180940619193677,3.7180940619193676e+26,588.7417999423819,16.836793755343457,79.03349063776257,9.64770747376236,12.297643629345583,41.200317173316876,0.003710165068422865,0.00010610302183644676,0.0004980575461576693,6.079844723615412e-05,7.7497958904865e-05,0.0002596383976801763,4558,1650,7292,0.12222222222222222,0.5401481481481482,1,0,0
flow,0.5,1.5,0,registered,during_vibration,flow_dump_0.5_1.5.shear.wave,1975,197500,197.5,0.19749999999999998,158683.45183699526,705.8460755707166,0.004448139156285713,4.4481391562857126e+17,57,0.0003592056975074643,3.592056975074643e+26,574.5362871761388,26.547870025593166,56.30832581343215,0.0,0.0,48.45359255555261,0.003620643996113224,0.00016730080999790696,0.000354846867531429,0.0,0.0,0.0003053474826431536,4750,1787,6963,0.13237037037037036,0.5157777777777778,1,0,0
flow,0.5,1.5,0,registered,during_vibration,flow_dump_0.5_1.5.shear.wave,1976,197600,197.6,0.1976,158683.45183699526,879.2582090456896,0.005540957162621417,5.540957162621417e+17,75,0.0004726390756677162,4.726390756677162e+26,712.1854748229748,33.18715012337221,94.56047864021043,0.0,6.04059772197871,33.28450773715362,0.004488089126990725,0.00020914058611141834,0.000595906362922745,0.0,3.806696698395373e-05,0.00020975411961257645,4777,1751,6972,0.1297037037037037,0.5164444444444445,1,0,0
flow,0.5,1.5,0,registered,during_vibration,flow_dump_0.5_1.5.shear.wave,1977,197700,197.70000000000002,0.1977,158683.4518369953,785.6832591365268,0.004951261458211823,4.951261458211823e+17,67,0.0004222242409298264,4.222242409298264e+26,686.5619064428098,26.001470393940977,46.93731129394094,3.495339342396228,0.0,22.687231663438585,0.004326613131330595,0.00016385747910658332,0.0002957920989906146,2.2027119412468745e-05,0.0,0.00014297162937155938,4507,1629,7364,0.12066666666666667,0.5454814814814815,1,0,0
flow,0.5,1.5,0,registered,during_vibration,flow_dump_0.5_1.5.shear.wave,1978,197800,197.8,0.1978,158683.45183699526,711.20201857424,0.004481891528959237,4.4818915289592365e+17,62,0.0003907149692186454,3.907149692186454e+26,615.6174299327286,13.47838875633944,68.97062289302959,0.0,0.0,13.135576992142328,0.003879531373977865,8.493884271048549e-05,0.00043464281936517505,0.0,0.0,8.277849290571027e-05,4663,1707,7130,0.12644444444444444,0.5281481481481481,1,0,0
flow,0.5,1.5,0,registered,during_vibration,flow_dump_0.5_1.5.shear.wave,1979,197900,197.9,0.1979,158683.45183699526,821.280251074283,0.00517558851642532,5.1755885164253203e+17,71,0.0004474316582987713,4.474316582987713e+26,697.2825500913843,6.769198157544378,61.53930888805372,0.0,0.0,55.68919393730056,0.004394173066058932,4.265850080257843e-05,0.0003878117609343971,0.0,0.0,0.0003509451886294123,4791,1856,6853,0.13748148148148148,0.5076296296296297,1,0,0
flow,0.5,1.5,0,registered,during_vibration,flow_dump_0.5_1.5.shear.wave,1980,198000,198.0,0.19799999999999998,158683.45183699526,844.9533781883052,0.005324773115323131,5.324773115323131e+17,73,0.0004600353669832438,4.600353669832438e+26,694.0070800011036,25.73362607695678,83.06502468078256,3.50022648279965,3.842729934564038,34.80469101209833,0.004373531530647632,0.00016216956323455322,0.000523463686472548,2.205791745944117e-05,2.4216324324173474e-05,0.00021933409318478168,4659,1721,7120,0.12748148148148147,0.5274074074074074,1,0,0
flow,0.5,1.5,0,registered,during_vibration,flow_dump_0.5_1.5.shear.wave,1981,198100,198.1,0.1981,158683.4518369953,591.4238113275234,0.003727066713516245,3.727066713516245e+17,46,0.00028988529974286587,2.898852997428659e+26,533.6693216736933,19.206218960387716,25.075563313447304,5.100144500716954,0.0,8.372562879278181,0.0033631063321076194,0.00012103479435345885,0.00015802254755086702,3.214036776787529e-05,0.0,5.276267173642495e-05,4597,1664,7239,0.12325925925925926,0.5362222222222223,1,0,0
flow,0.5,1.5,0,registered,during_vibration,flow_dump_0.5_1.5.shear.wave,1982,198200,198.20000000000002,0.1982,158683.45183699526,804.2561777215911,0.005068305285845111,5.068305285845111e+17,68,0.0004285260952720627,4.2852609527206266e+26,653.8117146431937,16.911121415459554,83.93267484144896,0.0,7.6306821954556145,41.96998462603341,0.004120226192929116,0.00010657142392409766,0.0005289314914050855,0.0,4.808744772765655e-05,0.00026448872985915587,4830,1780,6890,0.13185185185185186,0.5103703703703704,1,0,0
flow,0.5,1.5,0,registered,during_vibration,flow_dump_0.5_1.5.shear.wave,1983,198300,198.3,0.1983,158683.45183699526,825.0010192439269,0.0051990362554716445,5.199036255471644e+17,71,0.0004474316582987713,4.474316582987713e+26,715.2381838268798,8.659545863187237,90.73431671941566,0.0,0.0,10.368972834444069,0.004507326854482567,5.457119669972015e-05,0.0005717944478080857,0.0,0.0,6.534375648127072e-05,4689,1734,7077,0.12844444444444444,0.5242222222222223,1,0,0
flow,0.5,1.5,0,registered,during_vibration,flow_dump_0.5_1.5.shear.wave,1984,198400,198.4,0.1984,158683.45183699526,629.4742437134983,0.003966854996071767,3.966854996071767e+17,53,0.00033399828013851943,3.3399828013851945e+26,533.1794727194227,19.83973963990157,53.22119509118217,0.0,3.059145707743695,20.174690555248,0.0033600193753481103,0.00012502714939854968,0.0003353922193843671,0.0,1.9278290661877888e-05,0.00012713796127886156,4530,1625,7345,0.12037037037037036,0.544074074074074,1,0,0
flow,0.5,1.5,0,registered,during_vibration,flow_dump_0.5_1.5.shear.wave,1985,198500,198.5,0.19849999999999998,158683.4518369953,766.0780336101145,0.004827712182597681,4.827712182597681e+17,67,0.0004222242409298264,4.222242409298264e+26,651.910479095968,12.12074736396341,69.65866219029766,0.0,0.0,32.38814495988534,0.004108244883440216,7.638318440674097e-05,0.00043897874279829295,0.0,0.0,0.00020410537195242939,4748,1769,6983,0.13103703703703704,0.5172592592592593,1,0,0
flow,0.5,1.5,0,registered,during_vibration,flow_dump_0.5_1.5.shear.wave,1986,198600,198.6,0.1986,158683.45183699526,813.2481146149153,0.0051249711624014194,5.1249711624014195e+17,72,0.00045373351264100755,4.5373351264100753e+26,691.0377853206073,6.630590128179183,69.12067011134323,0.0,0.0,46.459069054785736,0.004354819468071968,4.178501319085457e-05,0.0004355883950794454,0.0,0.0,0.0002927782860591537,4773,1813,6914,0.1342962962962963,0.5121481481481481,1,0,0
flow,0.5,1.5,0,registered,during_vibration,flow_dump_0.5_1.5.shear.wave,1987,198700,198.70000000000002,0.1987,158683.45183699526,745.0085766278501,0.00469493553362544,4.69493553362544e+17,66,0.0004159223865875903,4.159223865875903e+26,599.671839893087,20.34856093810836,81.15704042735973,0.0,0.0,43.831135369294834,0.0037790445881470316,0.0001282336671060764,0.000511439847620197,0.0,0.0,0.00027621743075213404,4559,1627,7314,0.12051851851851852,0.5417777777777778,1,0,0
flow,0.5,1.5,0,registered,during_vibration,flow_dump_0.5_1.5.shear.wave,1988,198800,198.8,0.1988,158683.45183699526,672.9230450224678,0.0042406630132656555,4.2406630132656557e+17,54,0.00034030013448075566,3.403001344807557e+26,565.9904065321148,26.291854186581503,49.654304877273475,0.0,0.0,30.98647942649812,0.0035667891010684486,0.00016568743547115008,0.00031291419680156676,0.0,0.0,0.00019527227992449035,4657,1728,7115,0.128,0.5270370370370371,1,0,0
flow,0.5,1.5,0,registered,during_vibration,flow_dump_0.5_1.5.shear.wave,1989,198900,198.9,0.1989,158683.4518369953,834.4373758337223,0.0052585028002219356,5.2585028002219354e+17,76,0.0004789409300099523,4.7894093000995234e+26,661.6752752745247,19.848849542641222,97.25044266119143,6.15192407906569,5.146687681445028,44.36419659485444,0.004169781206639106,0.0001250845586786869,0.0006128581243688233,3.876852947076764e-05,3.243367611344799e-05,0.00027957670495110457,4795,1756,6949,0.13007407407407406,0.5147407407407407,1,0,0
flow,0.5,1.5,0,registered,during_vibration,flow_dump_0.5_1.5.shear.wave,1990,199000,199.0,0.19899999999999998,158683.45183699526,766.6019137201662,0.0048310135987440226,4.8310135987440224e+17,63,0.0003970168235608816,3.970168235608816e+26,664.0372145853715,33.107876375405525,53.54532961510621,0.0,0.0,15.911493144282819,0.0041846658041412655,0.00020864101449856914,0.00033743486794142653,0.0,0.0,0.00010027191216276046,4592,1691,7217,0.12525925925925926,0.5345925925925926,1,0,0
flow,0.5,1.5,0,registered,during_vibration,flow_dump_0.5_1.5.shear.wave,1991,199100,199.1,0.1991,158683.45183699526,685.0997995037209,0.004317399146367684,4.317399146367684e+17,54,0.00034030013448075566,3.403001344807557e+26,592.1928306390816,13.11360886082498,67.47413360420785,0.0,0.0,12.319226399606345,0.0037319129612040525,8.264005294197723e-05,0.00042521216184230383,0.0,0.0,7.763397037935027e-05,4585,1654,7261,0.12251851851851851,0.5378518518518518,1,0,0
flow,0.5,1.5,0,registered,during_vibration,flow_dump_0.5_1.5.shear.wave,1992,199200,199.20000000000002,0.1992,158683.45183699526,829.4526661408056,0.005227089885798842,5.227089885798842e+17,74,0.00046633722132547996,4.6633722132548e+26,693.9886013477661,14.13173424283528,78.77500743397131,0.0,0.0,42.557323116233,0.004373415080865859,8.905613080153973e-05,0.0004964286226574623,0.0,0.0,0.00026819005147398265,4761,1820,6919,0.1348148148148148,0.5125185185185185,1,0,0
flow,0.5,1.5,0,registered,during_vibration,flow_dump_0.5_1.5.shear.wave,1993,199300,199.3,0.19929999999999998,158683.45183699526,799.7971479434068,0.005040205129675299,5.040205129675299e+17,71,0.0004474316582987713,4.474316582987713e+26,666.646716939594,17.089569754677015,71.35453217749547,7.39182069085622,0.0,37.31450838078407,0.004201110507883298,0.00010769597936546005,0.00044966586844098365,4.6582177317703776e-05,0.0,0.00023515059666785377,4708,1770,7022,0.13111111111111112,0.5201481481481481,1,0,0
flow,0.5,1.5,0,registered,during_vibration,flow_dump_0.5_1.5.shear.wave,1994,199400,199.4,0.1994,158683.45183699526,709.8966235029976,0.004473665119361194,4.4736651193611936e+17,58,0.00036550755184970053,3.6550755184970054e+26,583.2105945331734,7.7756749743427385,64.42821607050347,0.0,11.153012834922418,43.32912509005556,0.003675308217597044,4.900117110087926e-05,0.00040601723320643544,0.0,7.028466236277209e-05,0.0002730538350940628,4534,1637,7329,0.12125925925925926,0.5428888888888889,1,0,0
flow,0.5,1.5,0,registered,during_vibration,flow_dump_0.5_1.5.shear.wave,1995,199500,199.5,0.19949999999999998,158683.45183699526,675.763109385675,0.004258560685205162,4.258560685205162e+17,58,0.00036550755184970053,3.6550755184970054e+26,556.8072704124604,30.448120961071915,56.961567990959395,0.0,0.0,31.546150021183145,0.0035089183148374584,0.00019187962329146458,0.0003589635045844109,0.0,0.0,0.0001987992424918281,4736,1818,6946,0.13466666666666666,0.5145185185185185,1,0,0
flow,0.5,1.5,0,registered,during_vibration,flow_dump_0.5_1.5.shear.wave,1996,199600,199.6,0.1996,158683.4518369953,865.9963723422496,0.005457382999405816,5.457382999405816e+17,76,0.0004789409300099523,4.7894093000995234e+26,705.2788347676837,30.036427466223962,95.50214484920382,0.0,4.47914999607697,30.69981526306146,0.004444564487368026,0.00018928519085328657,0.0006018406062108271,0.0,2.8226950852304978e-05,0.0001934657641213735,4744,1761,6995,0.13044444444444445,0.5181481481481481,1,0,0
flow,0.5,1.5,0,registered,during_vibration,flow_dump_0.5_1.5.shear.wave,1997,199700,199.70000000000002,0.1997,158683.45183699526,735.3371074155618,0.004633987343374177,4.633987343374177e+17,64,0.0004033186779031178,4.0331867790311785e+26,635.4014296561185,39.28720332066462,43.575836774267,0.0,0.0,17.072637664511905,0.0040042072585415095,0.0002475822328406474,0.0002746085761924911,0.0,0.0,0.00010758927579952992,4511,1656,7333,0.12266666666666666,0.5431851851851852,1,0,0
flow,0.5,1.5,0,registered,during_vibration,flow_dump_0.5_1.5.shear.wave,1998,199800,199.8,0.19979999999999998,158683.45183699526,663.3970790557591,0.004180631763274358,4.1806317632743584e+17,54,0.00034030013448075566,3.403001344807557e+26,559.710585718495,10.479466001257585,57.13953674879991,0.0,0.0,36.067490587206564,0.003527214585005674,6.604006832434191e-05,0.00036008503777379056,0.0,0.0,0.00022729207217055152,4665,1710,7125,0.12666666666666668,0.5277777777777778,1,0,0
flow,0.5,1.5,0,registered,during_vibration,flow_dump_0.5_1.5.shear.wave,1999,199900,199.9,0.1999,158683.45183699526,885.3063023777535,0.005579071365848334,5.579071365848334e+17,79,0.000497846493036661,4.97846493036661e+26,743.3479796959767,6.49067418091268,70.1925375256674,0.0,0.0,65.27511097519684,0.00468447069363961,4.090328327102506e-05,0.00044234314739870564,0.0,0.0,0.0004113542415389951,4785,1880,6835,0.13925925925925925,0.5062962962962962,1,0,0
flow,0.5,1.5,0,registered,during_vibration,flow_dump_0.5_1.5.shear.wave,2000,200000,200.0,0.19999999999999998,158683.4518369953,802.8466150895745,0.005059422427451882,5.059422427451882e+17,74,0.0004663372213254799,4.663372213254799e+26,645.3140581665897,17.439614340656732,77.28737044277958,17.468662784463078,0.0,45.336909355085226,0.004066675199563196,0.0001099019093595926,0.00048705375102484934,0.00011008496842132882,0.0,0.0002857065990829135,4621,1697,7182,0.1257037037037037,0.532,1,0,0
flow,0.5,1.5,0,registered,during_vibration,flow_dump_0.5_1.5.shear.wave,2001,200100,200.1,0.2001,158683.45183699526,583.0462206460563,0.0036742723573027648,3.674272357302765e+17,44,0.0002772815910583935,2.772815910583935e+26,523.6353083344019,14.498106980444014,28.618331804036504,4.1166146504929,0.0,12.17785887668105,0.00329987344157535,9.13649584289163e-05,0.00018034855854682426,2.5942305910521903e-05,0.0,7.674309284115232e-05,4597,1660,7243,0.12296296296296297,0.5365185185185185,1,0,0
flow,0.5,1.5,0,registered,during_vibration,flow_dump_0.5_1.5.shear.wave,2002,200200,200.20000000000002,0.2002,158683.45183699526,793.2060132099889,0.004998668758635246,4.998668758635246e+17,72,0.00045373351264100755,4.5373351264100753e+26,651.9001056420207,10.00777581683978,92.07746358675381,0.0,0.0,39.2206681643748,0.0041081795114444155,6.306754548747836e-05,0.0005802587637262816,0.0,0.0,0.00024716293797707106,4813,1809,6878,0.134,0.5094814814814815,1,0,0
flow,0.5,1.5,0,registered,during_vibration,flow_dump_0.5_1.5.shear.wave,2003,200300,200.3,0.20029999999999998,158683.45183699526,894.9041053887422,0.005639555322429061,5.639555322429061e+17,80,0.0005041483473788973,5.041483473788973e+26,740.0174283416898,18.4854193015476,96.88982405118576,0.0,0.0,39.5114336943192,0.004663482044125556,0.0001164924198935149,0.0006105855584154679,0.0,0.0,0.0002489952999945238,4671,1754,7075,0.12992592592592592,0.524074074074074,1,0,0
flow,0.5,1.5,0,registered,during_vibration,flow_dump_0.5_1.5.shear.wave,2004,200400,200.4,0.2004,158683.4518369953,605.5469676764022,0.003816068787679508,3.816068787679508e+17,47,0.0002961871540851021,2.961871540851021e+26,505.3220084290963,24.953691017674295,48.81045881517294,4.278611554147842,0.0,22.18219786031089,0.0031844656930464254,0.00015725452609455159,0.00030759640183093955,2.696318680124862e-05,0.0,0.00013978897990634306,4524,1652,7324,0.12237037037037037,0.5425185185185185,1,0,0
flow,0.5,1.5,0,registered,during_vibration,flow_dump_0.5_1.5.shear.wave,2005,200500,200.5,0.20049999999999998,158683.45183699526,791.0639734777077,0.004985169936247127,4.985169936247127e+17,64,0.0004033186779031178,4.0331867790311785e+26,686.0627139711738,24.78613780709191,59.83604517340671,0.0,0.0,20.379076526035377,0.0043234672930856045,0.0001561986301668874,0.00037707804109827543,0.0,0.0,0.00012842597189636018,4745,1770,6985,0.13111111111111112,0.5174074074074074,1,0,0
flow,0.5,1.5,0,registered,during_vibration,flow_dump_0.5_1.5.shear.wave,2006,200600,200.6,0.2006,158683.45183699526,878.1581435952664,0.005534024710385924,5.534024710385924e+17,78,0.0004915446386944248,4.9154463869442485e+26,751.0452250122896,5.7888878343549415,68.87294465171962,0.0,0.0,52.451086096902536,0.004732977612459473,3.648072793564809e-05,0.00043402726531603387,0.0,0.0,0.0003305391046747709,4762,1809,6929,0.134,0.5132592592592593,1,0,0
flow,0.5,1.5,0,registered,during_vibration,flow_dump_0.5_1.5.shear.wave,2007,200700,200.70000000000002,0.2007,158683.45183699526,676.3114568794831,0.0042620162912400715,4.262016291240072e+17,58,0.00036550755184970053,3.6550755184970054e+26,536.9562946754905,14.725098926739898,71.92725132754582,21.351168116912653,0.0,31.351643832794085,0.003383820357191809,9.279542861133368e-05,0.00045327506110361024,0.00013455195150938147,0.0,0.00019757349282393668,4539,1610,7351,0.11925925925925926,0.5445185185185185,1,0,0
flow,0.5,1.5,0,registered,during_vibration,flow_dump_0.5_1.5.shear.wave,2008,200800,200.8,0.20079999999999998,158683.4518369953,656.0628325331106,0.004134412409978574,4.134412409978574e+17,55,0.00034660198882299184,3.466019888229918e+26,541.2686213345008,12.485480266691432,50.202239630857825,0.0,0.0,52.10649130106051,0.0034109960116730335,7.868167803355397e-05,0.00031636720180770435,0.0,0.0,0.00032836751846428174,4654,1737,7109,0.12866666666666668,0.5265925925925926,1,0,0
flow,0.5,1.5,0,registered,during_vibration,flow_dump_0.5_1.5.shear.wave,2009,200900,200.9,0.2009,158683.45183699526,836.0284083243308,0.005268529255231517,5.268529255231517e+17,74,0.00046633722132547996,4.6633722132548e+26,687.6345388641803,8.251720435258791,93.07658855414155,0.0,0.0,47.06556047075033,0.004333372704612833,5.200114025585493e-05,0.0005865551037404506,0.0,0.0,0.0002966003066223791,4773,1773,6954,0.13133333333333333,0.5151111111111111,1,0,0
flow,0.5,1.5,0,registered,during_vibration,flow_dump_0.5_1.5.shear.wave,2010,201000,201.0,0.20099999999999998,158683.45183699526,726.393831090196,0.004577628118629352,4.5776281186293523e+17,65,0.00040962053224535404,4.096205322453541e+26,638.9855488635354,21.388715911114488,50.78118398460362,0.0,0.0,15.238382330942283,0.004026793855731863,0.00013478857223931368,0.0003200156247972705,0.0,0.0,9.603006586090426e-05,4580,1686,7234,0.12488888888888888,0.5358518518518518,1,0,0
flow,0.5,1.5,0,registered,during_vibration,flow_dump_0.5_1.5.shear.wave,2011,201100,201.1,0.2011,158683.45183699526,632.568415381656,0.003986354015234371,3.986354015234371e+17,49,0.00030879086276957456,3.0879086276957458e+26,538.9288578521116,15.079706467693095,54.23740554483517,6.356840756919042,0.0,17.96560476009703,0.0033962511630117338,9.503011368307928e-05,0.00034179622964434613,4.005988452689442e-05,0.0,0.0001132166243683171,4622,1659,7219,0.1228888888888889,0.5347407407407407,1,0,0
flow,0.5,1.5,0,registered,during_vibration,flow_dump_0.5_1.5.shear.wave,2012,201200,201.20000000000002,0.2012,158683.45183699526,844.4201698079845,0.00532141291377629,5.32141291377629e+17,76,0.0004789409300099524,4.789409300099524e+26,700.8537183916903,5.996617348765881,84.23765351683714,0.0,0.0,53.33218055069088,0.004416678048519072,3.778980907804929e-05,0.00053085342259487,0.0,0.0,0.0003360916335842972,4798,1835,6867,0.13592592592592592,0.5086666666666667,1,0,0
flow,0.5,1.5,0,registered,during_vibration,flow_dump_0.5_1.5.shear.wave,2013,201300,201.3,0.20129999999999998,158683.45183699526,827.3189800616548,0.005213643706915977,5.213643706915977e+17,72,0.00045373351264100755,4.5373351264100753e+26,680.2842310137814,15.805798965919433,74.78119488104937,6.972265614606464,0.0,49.475489586297904,0.004287052135169024,9.960584284589207e-05,0.00047126019767875367,4.3938202338632e-05,0.0,0.00031178732888367415,4706,1771,7023,0.13118518518518518,0.5202222222222223,1,0,0
flow,0.5,1.5,0,registered,during_vibration,flow_dump_0.5_1.5.shear.wave,2014,201400,201.4,0.2014,158683.45183699526,686.1316352053776,0.0043239016246646444,4.3239016246646445e+17,59,0.00037180940619193677,3.7180940619193676e+26,549.7934396676011,15.004404450559106,73.06642252469396,4.110015294528203,9.739639523650629,34.41771374434445,0.003464718175102257,9.45555713394243e-05,0.0004604539520589087,2.590071773047982e-05,6.137778962393318e-05,0.00021689541880964014,4551,1636,7313,0.12118518518518519,0.5417037037037037,1,0,0
flow,0.5,1.5,0,registered,during_vibration,flow_dump_0.5_1.5.shear.wave,2015,201500,201.5,0.20149999999999998,158683.4518369953,626.0947008447891,0.0039455576091698185,3.945557609169818e+17,47,0.0002961871540851021,2.961871540851021e+26,531.7260885174668,9.969249924218236,44.9019297764365,6.235151566608508,0.0,33.26228106005911,0.003350860359804076,6.282476092377274e-05,0.00028296542113642194,3.929301697453276e-05,0.0,0.0002096140503310149,4762,1819,6919,0.13474074074074074,0.5125185185185185,1,0,0
flow,0.5,1.5,0,registered,during_vibration,flow_dump_0.5_1.5.shear.wave,2016,201600,201.6,0.2016,158683.45183699526,826.4095435045357,0.005207912570199508,5.207912570199508e+17,70,0.00044112980395653514,4.411298039565352e+26,682.7763303475679,26.997390497463634,96.05503267602289,7.037499629493428,0.0,13.543290353987684,0.00430275698217693,0.00017013362253548797,0.0006053248247630365,4.434929759860892e-05,0.0,8.534784312544314e-05,4756,1767,6977,0.1308888888888889,0.5168148148148148,1,0,0
flow,0.5,1.5,0,registered,during_vibration,flow_dump_0.5_1.5.shear.wave,2017,201700,201.70000000000002,0.2017,158683.45183699526,660.0677729379582,0.004159650961059261,4.159650961059261e+17,56,0.00035290384316522807,3.529038431652281e+26,574.9135111065177,19.517106126891665,52.15004729602812,0.0,0.0,13.487108408520754,0.0036230212063768775,0.0001229939599936373,0.00032864200200029883,0.0,0.0,8.49937926884471e-05,4540,1654,7306,0.12251851851851851,0.5411851851851852,1,0,0
flow,0.5,1.5,0,registered,during_vibration,flow_dump_0.5_1.5.shear.wave,2018,201800,201.8,0.20179999999999998,158683.45183699526,747.6012216887336,0.004711274005160246,4.711274005160246e+17,64,0.0004033186779031178,4.0331867790311785e+26,645.0058361074056,21.84108259513178,59.34669428432542,0.0,0.0,21.407608701870952,0.004064732829041155,0.00013763932119127106,0.0003739942230730414,0.0,0.0,0.00013490763185477927,4698,1741,7061,0.12896296296296297,0.5230370370370371,1,0,0
flow,0.5,1.5,0,registered,during_vibration,flow_dump_0.5_1.5.shear.wave,2019,201900,201.9,0.2019,158683.4518369953,862.29781353412,0.005434075220520788,5.4340752205207885e+17,78,0.0004915446386944247,4.915446386944247e+26,712.0984349419193,6.248568736934174,75.45857705833043,0.0,0.0,68.49223279693587,0.004487540614338347,3.937757002761008e-05,0.0004755289614940057,0.0,0.0,0.000431628074660824,4800,1880,6820,0.13925925925925925,0.5051851851851852,1,0,0
flow,0.5,1.5,0,registered,during_vibration,flow_dump_0.5_1.5.shear.wave,2020,202000,202.0,0.20199999999999999,158683.45183699526,795.6756563797169,0.00501423209016817,5.01423209016817e+17,68,0.0004285260952720627,4.2852609527206266e+26,626.0345256146048,20.753285080085107,70.99646233195787,7.504395790555618,0.0,70.38698756251348,0.0039451783936341875,0.00013078417969760041,0.0004474093644300587,4.72916091985721e-05,0.0,0.00044356854320775214,4617,1705,7178,0.1262962962962963,0.5317037037037037,1,0,0
flow,0.5,1.5,0,registered,during_vibration,flow_dump_0.5_1.5.shear.wave,2021,202100,202.1,0.2021,158683.45183699526,638.3581578380102,0.004022840128873377,4.022840128873377e+17,52,0.00032769642579628326,3.276964257962832e+26,553.408878728679,9.277234925952353,47.01056968412619,6.566669748497522,0.0,22.094804750755102,0.0034875021454484015,5.8463783202058315e-05,0.0002962537626949088,4.138219626860031e-05,0.0,0.00013923824125940741,4617,1696,7187,0.12562962962962962,0.5323703703703704,1,0,0
flow,0.5,1.5,0,registered,during_vibration,flow_dump_0.5_1.5.shear.wave,2022,202200,202.20000000000002,0.2022,158683.45183699526,798.3206744737646,0.005030900608929438,5.0309006089294374e+17,71,0.0004474316582987713,4.474316582987713e+26,668.3278040808744,11.855900362623927,80.03514329841958,0.0,4.199430354328862,33.902396377517725,0.004211704474184254,7.471415718132152e-05,0.0005043698153266433,0.0,2.646419841334591e-05,0.00021364796382387344,4806,1809,6885,0.134,0.51,1,0,0
flow,0.5,1.5,0,registered,during_vibration,flow_dump_0.5_1.5.shear.wave,2023,202300,202.3,0.20229999999999998,158683.4518369953,853.2043647454387,0.005376769630785935,5.376769630785935e+17,75,0.00047263907566771614,4.726390756677161e+26,685.9670661952987,27.087526905664525,99.48905074000328,0.0,0.0,40.66072090447222,0.00432286453473388,0.0001707016490509023,0.0006269655064108487,0.0,0.0,0.0002562379405903031,4667,1763,7070,0.1305925925925926,0.5237037037037037,1,0,0
flow,0.5,1.5,0,registered,during_vibration,flow_dump_0.5_1.5.shear.wave,2024,202400,202.4,0.2024,158683.45183699526,641.5964915896593,0.004043247636487816,4.0432476364878163e+17,52,0.00032769642579628326,3.276964257962832e+26,547.609802289953,22.0445132836851,46.028921645292066,11.780224875606686,0.0,14.133029495122488,0.003450957210412056,0.00013892131175927488,0.00029006755973883436,7.423726128486108e-05,0.0,8.906429329279016e-05,4578,1674,7248,0.124,0.5368888888888889,1,0,0
flow,0.5,1.5,0,registered,during_vibration,flow_dump_0.5_1.5.shear.wave,2025,202500,202.5,0.20249999999999999,158683.45183699526,772.0669093881668,0.004865453205424714,4.865453205424714e+17,62,0.0003907149692186454,3.907149692186454e+26,681.0228053022347,0.0,61.870709487512556,11.184958121361074,0.0,17.988436477058514,0.004291706522755777,0.0,0.00038990019924111643,7.048597690482952e-05,0.0,0.00011336050652299153,4767,1807,6926,0.13385185185185186,0.5130370370370371,1,0,0
flow,0.5,1.5,0,registered,during_vibration,flow_dump_0.5_1.5.shear.wave,2026,202600,202.6,0.2026,158683.45183699526,806.658625459699,0.005083445161555501,5.0834451615555014e+17,74,0.00046633722132547996,4.6633722132548e+26,651.0095794942412,18.178127603360227,74.99667551799986,0.0,0.0,62.47424284409807,0.004102567545373157,0.00011455591237095967,0.00047261812526638793,0.0,0.0,0.00039370357854499926,4796,1835,6869,0.13592592592592592,0.5088148148148148,1,0,0
flow,0.5,1.5,0,registered,during_vibration,flow_dump_0.5_1.5.shear.wave,2027,202700,202.70000000000002,0.2027,158683.4518369953,749.6895250854736,0.004724434188988898,4.724434188988898e+17,59,0.00037180940619193666,3.718094061919367e+26,613.3785514954088,24.157356108618558,80.00303306968247,0.0,0.0,32.150584411763816,0.003865422288175902,0.00015223613949004442,0.000504167461342246,0.0,0.0,0.00020260829998070576,4564,1619,7317,0.11992592592592592,0.542,1,0,0
flow,0.5,1.5,0,registered,during_vibration,flow_dump_0.5_1.5.shear.wave,2028,202800,202.8,0.20279999999999998,158683.45183699526,658.2671161857509,0.0041483034844864855,4.148303484486486e+17,56,0.00035290384316522807,3.529038431652281e+26,553.2184705966034,10.483890454179782,39.660762928992625,0.0,4.619817539118417,50.284174666856615,0.0034863022211344837,6.606795058220167e-05,0.0002499363510804733,0.0,2.9113417219232426e-05,0.00031688354447009467,4670,1746,7084,0.12933333333333333,0.5247407407407407,1,0,0
flow,0.5,1.5,0,registered,during_vibration,flow_dump_0.5_1.5.shear.wave,2029,202900,202.9,0.2029,158683.45183699526,739.0374420132372,0.004657306313026265,4.657306313026264e+17,65,0.00040962053224535404,4.096205322453541e+26,616.3409931884808,15.197293075903495,73.17106520591842,5.339387731671215,0.0,28.988702811263465,0.0038840911642230094,9.577112736061882e-05,0.00046111339499396633,3.364804376171502e-05,0.0,0.00018268258268695588,4805,1779,6916,0.13177777777777777,0.5122962962962962,1,0,0
flow,0.5,1.5,0,registered,during_vibration,flow_dump_0.5_1.5.shear.wave,2030,203000,203.0,0.20299999999999999,158683.45183699526,712.4647974193125,0.0044898493773073405,4.489849377307341e+17,63,0.0003970168235608816,3.970168235608816e+26,609.4633806344174,18.108869134524507,52.082183076386094,0.0,0.0,32.81036457398448,0.003840749451684967,0.00011411945558839066,0.0003282143315730653,0.0,0.0,0.0002067661384609174,4611,1689,7200,0.12511111111111112,0.5333333333333333,1,0,0
flow,0.5,1.5,0,registered,during_vibration,flow_dump_0.5_1.5.shear.wave,2031,203100,203.1,0.2031,158683.45183699526,626.9345903132207,0.003950850470263453,3.950850470263453e+17,48,0.0003024890084273384,3.024890084273384e+26,551.4172094153744,11.27168177461423,50.904323101835125,0.0,0.0,13.341376021397107,0.003474950935538054,7.10324967356575e-05,0.000320791629577895,0.0,0.0,8.407540841184748e-05,4640,1668,7192,0.12355555555555556,0.5327407407407407,1,0,0
flow,0.5,1.5,0,registered,during_vibration,flow_dump_0.5_1.5.shear.wave,2032,203200,203.20000000000002,0.2032,158683.45183699526,879.682686337491,0.0055436321566859365,5.5436321566859366e+17,82,0.0005167520560633698,5.167520560633698e+26,728.2314291593717,4.829053935301566,77.8426367982208,0.0,0.0,68.77956644459701,0.004589208394000872,3.043199451107306e-05,0.0004905529587179843,0.0,0.0,0.000433438809456008,4804,1848,6848,0.1368888888888889,0.5072592592592593,1,0,0
flow,0.5,1.5,0,registered,during_vibration,flow_dump_0.5_1.5.shear.wave,2033,203300,203.3,0.20329999999999998,158683.45183699526,745.1334841639842,0.004695722682724405,4.695722682724405e+17,66,0.0004159223865875903,4.159223865875903e+26,636.7260434835556,6.558342717884405,70.32724787101341,0.0,0.0,31.521850091530563,0.004012554781941731,4.1329720534573104e-05,0.00044319207237346857,0.0,0.0,0.00019864610787463094,4737,1770,6993,0.13111111111111112,0.518,1,0,0
flow,0.5,1.5,0,registered,during_vibration,flow_dump_0.5_1.5.shear.wave,2034,203400,203.4,0.2034,158683.45183699526,654.6108666507131,0.0041252623324778085,4.1252623324778086e+17,51,0.000321394571454047,3.21394571454047e+26,547.173374239442,21.248837220121587,50.618700635231605,5.116790069799205,0.0,30.453164486118585,0.0034482069044068694,0.00013390707710309374,0.0003189916783964894,3.224526571967527e-05,0.0,0.00019191140685168013,4557,1644,7299,0.12177777777777778,0.5406666666666666,1,0,0
flow,0.5,1.5,0,registered,during_vibration,flow_dump_0.5_1.5.shear.wave,2035,203500,203.5,0.2035,158683.45183699526,664.8554141889268,0.004189821978865746,4.189821978865746e+17,56,0.00035290384316522807,3.529038431652281e+26,552.3211756464941,9.264578288593993,58.18156721519583,0.0,0.0,45.088093038642874,0.003480647599056871,5.838402291696343e-05,0.0003666517619931901,0.0,0.0,0.0002841385948987221,4738,1803,6959,0.13355555555555557,0.5154814814814814,1,0,0
flow,0.5,1.5,0,registered,during_vibration,flow_dump_0.5_1.5.shear.wave,2036,203600,203.6,0.2036,158683.45183699526,845.8200823607887,0.00533023495877593,5.3302349587759296e+17,75,0.0004726390756677162,4.726390756677162e+26,694.3475616869893,15.531180763560183,89.7015523010302,8.218562810115422,0.0,38.02122479909374,0.004375677196638282,9.787523893489733e-05,0.0005652861168735763,5.1792185731866954e-05,0.0,0.00023960422059730817,4743,1776,6981,0.13155555555555556,0.5171111111111111,1,0,0
flow,0.5,1.5,0,registered,during_vibration,flow_dump_0.5_1.5.shear.wave,2037,203700,203.70000000000002,0.2037,158683.45183699526,695.8962653934238,0.004385436901815514,4.385436901815514e+17,61,0.0003844131148764092,3.844131148764092e+26,598.6600049782052,25.084336918671344,48.39099323387997,5.3638014152941675,0.0,18.397128847373015,0.0037726681518950567,0.00015807783753304523,0.0003049529908360498,3.380189523986431e-05,0.0,0.00011593602631149679,4541,1669,7290,0.12362962962962963,0.54,1,0,0
flow,0.5,1.5,0,registered,during_vibration,flow_dump_0.5_1.5.shear.wave,2038,203800,203.8,0.20379999999999998,158683.4518369953,690.6054031335586,0.0043520946585090085,4.3520946585090086e+17,57,0.00035920569750746425,3.5920569750746426e+26,604.1515045059923,5.615611242407459,58.864367394880134,0.0,0.0,21.973919990278908,0.00380727478203963,3.538876409227595e-05,0.00037095466927041323,0.0,0.0,0.0001384764431066903,4692,1752,7056,0.12977777777777777,0.5226666666666666,1,0,0
flow,0.5,1.5,0,registered,during_vibration,flow_dump_0.5_1.5.shear.wave,2039,203900,203.9,0.2039,158683.45183699526,856.9344381215847,0.00540027600988826,5.4002760098882605e+17,80,0.0005041483473788973,5.041483473788973e+26,694.9800554400791,17.765028166955794,78.78615284108578,0.0,0.0,65.40320167346404,0.004379663080142628,0.00011195261989387905,0.0004964988593896826,0.0,0.0,0.0004121614504620703,4822,1860,6818,0.13777777777777778,0.5050370370370371,1,0,0
flow,0.5,1.5,0,registered,during_vibration,flow_dump_0.5_1.5.shear.wave,2040,204000,204.0,0.204,158683.45183699526,746.5709725807994,0.004704781525345826,4.704781525345826e+17,70,0.00044112980395653514,4.411298039565352e+26,629.2750165805942,7.451275608120915,67.75096390813718,5.384047571416084,0.0,36.709668912530994,0.003965599495699184,4.695685354623559e-05,0.00042695670609518344,3.3929483566734805e-05,0.0,0.00023133898643848728,4626,1691,7183,0.12525925925925926,0.532074074074074,1,0,0
flow,0.5,1.5,0,registered,during_vibration,flow_dump_0.5_1.5.shear.wave,2041,204100,204.1,0.2041,158683.45183699526,585.9236835319026,0.0036924057092845588,3.692405709284559e+17,46,0.0002898852997428659,2.8988529974286592e+26,514.7579364528833,0.0,40.13504234550457,0.0,0.0,31.030704733514614,0.003243929537036157,0.0,0.0002529251908808524,0.0,0.0,0.00019555098136754897,4610,1697,7193,0.1257037037037037,0.5328148148148149,1,0,0
flow,0.5,1.5,0,registered,during_vibration,flow_dump_0.5_1.5.shear.wave,2042,204200,204.20000000000002,0.2042,158683.4518369953,710.9358185502781,0.0044802139751823275,4.4802139751823277e+17,60,0.0003781112605341729,3.781112605341729e+26,606.2214985617293,0.0,65.88687767694164,0.0,0.0,38.82744231160717,0.0038203195830681788,0.0,0.000415209506184821,0.0,0.0,0.0002446848859293278,4784,1816,6900,0.1345185185185185,0.5111111111111111,1,0,0
flow,0.5,1.5,0,registered,during_vibration,flow_dump_0.5_1.5.shear.wave,2043,204300,204.3,0.20429999999999998,158683.45183699526,823.303666795911,0.00518833978757681,5.18833978757681e+17,76,0.0004789409300099524,4.789409300099524e+26,695.5004137467402,17.329903667974747,81.36857879040832,0.0,0.0,29.104770590787673,0.004382942302396979,0.00010921052868056198,0.0005127729315719243,0.0,0.0,0.00018341402492734422,4655,1764,7081,0.13066666666666665,0.5245185185185185,1,0,0
flow,0.5,1.5,0,registered,during_vibration,flow_dump_0.5_1.5.shear.wave,2044,204400,204.4,0.2044,158683.45183699526,641.8386090908272,0.004044773425713882,4.044773425713882e+17,51,0.000321394571454047,3.21394571454047e+26,573.4544983082972,0.0,62.16667365949487,0.0,0.0,6.217437123035273,0.0036138267202390334,0.0,0.00039176532234346954,0.0,0.0,3.918138313138048e-05,4572,1658,7270,0.12281481481481482,0.5385185185185185,1,0,0
flow,0.5,1.5,0,registered,during_vibration,flow_dump_0.5_1.5.shear.wave,2045,204500,204.5,0.2045,158683.45183699526,745.0096790266003,0.004694942480781791,4.694942480781791e+17,66,0.0004159223865875903,4.159223865875903e+26,667.495563048995,7.396253948785036,54.98353959190352,0.0,0.0,15.13432243691702,0.004206459812423717,4.6610115063432736e-05,0.0003464982577287541,0.0,0.0,9.537429556588852e-05,4770,1811,6919,0.13414814814814816,0.5125185185185185,1,0,0
flow,0.5,1.5,0,registered,during_vibration,flow_dump_0.5_1.5.shear.wave,2046,204600,204.6,0.2046,158683.4518369953,789.7107165016204,0.004976641907896209,4.976641907896209e+17,72,0.00045373351264100744,4.537335126410075e+26,628.9986401451525,12.676932694725197,68.96585504703691,0.0,0.0,79.06928861470553,0.003963857811659404,7.988818334849022e-05,0.00043461277309420293,0.0,0.0,0.0004982831397941105,4779,1828,6893,0.13540740740740742,0.5105925925925926,1,0,0
flow,0.5,1.5,0,registered,during_vibration,flow_dump_0.5_1.5.shear.wave,2047,204700,204.70000000000002,0.2047,158683.45183699526,778.6809268765905,0.004907133780253764,4.907133780253764e+17,64,0.0004033186779031178,4.0331867790311785e+26,660.2771769955162,0.0,72.74357881264194,5.486565570874376,0.0,40.17360549755778,0.0041609705949286644,0.0,0.00045841943801025004,3.4575537066778406e-05,0.0,0.00025316821024806924,4531,1610,7359,0.11925925925925926,0.5451111111111111,1,0,0
flow,0.5,1.5,0,registered,during_vibration,flow_dump_0.5_1.5.shear.wave,2048,204800,204.8,0.20479999999999998,158683.45183699526,662.451620587544,0.004174673621721033,4.1746736217210323e+17,57,0.0003592056975074643,3.592056975074643e+26,572.2007454098499,15.287301228860645,39.74889093388076,0.0,5.486986953740833,29.727696061211866,0.003605925752091862,9.63383456301685e-05,0.0002504917209307502,0.0,3.457819256022514e-05,0.00018733961050802645,4655,1732,7113,0.1282962962962963,0.5268888888888889,1,0,0
flow,0.5,1.5,0,registered,during_vibration,flow_dump_0.5_1.5.shear.wave,2049,204900,204.9,0.2049,158683.45183699526,764.9079437495272,0.004820338446728934,4.820338446728934e+17,63,0.0003970168235608816,3.970168235608816e+26,669.6440834646739,0.0,60.50871704150552,0.0,0.0,34.755143243347476,0.004219999475134646,0.0,0.00038131712123115407,0.0,0.0,0.00021902185036313097,4792,1779,6929,0.13177777777777777,0.5132592592592593,1,0,0
flow,0.5,1.5,0,registered,during_vibration,flow_dump_0.5_1.5.shear.wave,2050,205000,205.0,0.205,158683.45183699526,737.7560680649107,0.004649231281045975,4.649231281045975e+17,64,0.0004033186779031178,4.0331867790311785e+26,615.2452379102427,16.619321626297086,74.76800977178236,5.387189882003649,0.0,25.736308874585035,0.003877185874064817,0.00010473254415570055,0.0004711771070406665,3.39492859503557e-05,0.0,0.00016218646983443615,4611,1711,7178,0.12674074074074074,0.5317037037037037,1,0,0
flow,0.5,1.5,0,registered,during_vibration,flow_dump_0.5_1.5.shear.wave,2051,205100,205.1,0.2051,158683.45183699526,650.8342271366781,0.004101462500357226,4.101462500357226e+17,48,0.0003024890084273384,3.024890084273384e+26,573.846148743514,0.0,55.23798431890596,3.8217709340415076,0.0,17.928323140216673,0.0036162948442348434,0.0,0.0003481017313364735,2.4084243755721633e-05,0.0,0.00011298168103018847,4615,1682,7203,0.12459259259259259,0.5335555555555556,1,0,0
flow,0.5,1.5,0,registered,during_vibration,flow_dump_0.5_1.5.shear.wave,2052,205200,205.20000000000002,0.2052,158683.45183699526,828.3323796364402,0.0052200300034267585,5.2200300034267584e+17,80,0.0005041483473788973,5.041483473788973e+26,687.2868025595178,0.0,74.3000722654767,0.0,0.0,66.74550481144605,0.004331181321071342,0.0,0.000468228233034659,0.0,0.0,0.00042062044932075955,4814,1859,6827,0.13770370370370372,0.5057037037037037,1,0,0
flow,0.5,1.5,0,registered,during_vibration,flow_dump_0.5_1.5.shear.wave,2053,205300,205.3,0.20529999999999998,158683.45183699526,750.2928204079485,0.004728236068236488,4.728236068236488e+17,68,0.0004285260952720627,4.2852609527206266e+26,611.013663678912,7.016805745409153,73.2369098903407,0.0,0.0,59.025441093286894,0.003850519109620611,4.42188877553347e-05,0.000461528338604406,0.0,0.0,0.000371969732256138,4744,1770,6986,0.13111111111111112,0.5174814814814814,1,0,0
flow,0.5,1.5,0,registered,during_vibration,flow_dump_0.5_1.5.shear.wave,2054,205400,205.4,0.2054,158683.45183699526,654.5940074235459,0.004125156088083878,4.1251560880838784e+17,55,0.0003466019888229919,3.466019888229919e+26,567.6377516620275,0.0,44.760285641700804,4.230274611690175,0.0,37.965695508127595,0.003577170430128551,0.0,0.00028207280043088555,2.6658574430531348e-05,0.0,0.0002392542830939119,4544,1633,7323,0.12096296296296297,0.5424444444444444,1,0,0
flow,0.5,1.5,0,registered,during_vibration,flow_dump_0.5_1.5.shear.wave,2055,205500,205.5,0.2055,158683.45183699526,717.3146260526937,0.004520412290939716,4.520412290939716e+17,61,0.0003844131148764092,3.844131148764092e+26,591.956402211925,12.653158321094187,51.52554232474331,5.182720232045234,0.0,55.99680296288575,0.0037304230236937476,7.973836070878972e-05,0.0003247064626352596,3.266074799890975e-05,0.0,0.0003528836959030074,4736,1814,6950,0.13437037037037036,0.5148148148148148,1,0,0
flow,0.5,1.5,0,registered,during_vibration,flow_dump_0.5_1.5.shear.wave,2056,205600,205.6,0.20559999999999998,158683.45183699526,826.3378063124158,0.005207460492863847,5.2074604928638464e+17,72,0.00045373351264100755,4.5373351264100753e+26,694.1353451255237,13.430648505909225,81.82719103456637,6.5223430006181875,0.0,30.422278645798247,0.004374339838778916,8.46379906060124e-05,0.0005156630391341744,4.110285555999972e-05,0.0,0.0001917167687847438,4738,1769,6993,0.13103703703703704,0.518,1,0,0
flow,0.5,1.5,0,registered,during_vibration,flow_dump_0.5_1.5.shear.wave,2057,205700,205.70000000000002,0.2057,158683.4518369953,641.7725302149463,0.004044357006262982,4.044357006262982e+17,56,0.000352903843165228,3.5290384316522804e+26,563.0568144007603,12.248980268308273,50.768008567730725,5.204236412331591,0.0,10.494490565815116,0.0035483020307571222,7.71912894918042e-05,0.00031993259523923923,3.279633983307566e-05,0.0,6.613475094173898e-05,4531,1676,7293,0.12414814814814815,0.5402222222222223,1,0,0
flow,0.5,1.5,0,registered,during_vibration,flow_dump_0.5_1.5.shear.wave,2058,205800,205.8,0.20579999999999998,158683.45183699526,660.2243091247102,0.004160637429307461,4.160637429307461e+17,57,0.0003592056975074643,3.592056975074643e+26,578.1101852605759,0.0,57.31961348843966,3.9944111730351635,0.0,20.800099202659197,0.0036431661812753435,0.0,0.00036121985515742504,2.5172197395468503e-05,0.0,0.0001310791954792219,4696,1766,7038,0.13081481481481483,0.5213333333333333,1,0,0
flow,0.5,1.5,0,registered,during_vibration,flow_dump_0.5_1.5.shear.wave,2059,205900,205.9,0.2059,158683.45183699526,859.6982988638733,0.005417693457708388,5.417693457708388e+17,82,0.0005167520560633698,5.167520560633698e+26,695.2022634817324,5.9453111414178,81.28710850482197,0.0,0.0,77.26361573590142,0.004381063402854802,3.746648483248912e-05,0.0005122595176989388,0.0,0.0,0.00048690405232216084,4814,1864,6822,0.13807407407407407,0.5053333333333333,1,0,0
flow,0.5,1.5,0,registered,during_vibration,flow_dump_0.5_1.5.shear.wave,2060,206000,206.0,0.206,158683.45183699526,729.4579148318437,0.00459693752806163,4.5969375280616294e+17,64,0.0004033186779031178,4.0331867790311785e+26,594.7610355095203,7.51357160173761,72.49169316558852,0.0,0.0,54.691614554997386,0.003748097414218579,4.7349433824112874e-05,0.0004568320913516194,0.0,0.0,0.0003446585886673197,4617,1692,7191,0.12533333333333332,0.5326666666666666,1,0,0
flow,0.5,1.5,0,registered,during_vibration,flow_dump_0.5_1.5.shear.wave,2061,206100,206.1,0.20609999999999998,158683.4518369953,619.3562827467656,0.0039030930798189855,3.9030930798189856e+17,51,0.00032139457145404697,3.2139457145404694e+26,559.3654807522375,9.533826959049607,23.827919832181912,0.0,0.0,26.629055203296605,0.003525039783775536,6.008078882001545e-05,0.000150160080060892,0.0,0.0,0.00016781242716254257,4602,1688,7210,0.12503703703703703,0.534074074074074,1,0,0
flow,0.5,1.5,0,registered,during_vibration,flow_dump_0.5_1.5.shear.wave,2062,206200,206.20000000000002,0.2062,158683.45183699526,724.2612053742088,0.004564188622000693,4.564188622000693e+17,63,0.0003970168235608816,3.970168235608816e+26,621.4795754677019,0.0,67.31557396312621,0.0,0.0,35.46605594338053,0.003916473761272257,0.0,0.00042421294207965006,0.0,0.0,0.00022350191864878516,4763,1828,6909,0.13540740740740742,0.5117777777777778,1,0,0
flow,0.5,1.5,0,registered,during_vibration,flow_dump_0.5_1.5.shear.wave,2063,206300,206.3,0.20629999999999998,158683.45183699526,843.2146135939244,0.005313815674113905,5.3138156741139046e+17,74,0.00046633722132547996,4.6633722132548e+26,723.599457045527,6.59613263717841,70.30860480528523,0.0,0.0,42.710419105933575,0.0045600183804221225,4.1567867101568787e-05,0.0004430745864887568,0.0,0.0,0.00026915484010145614,4663,1766,7071,0.13081481481481483,0.5237777777777778,1,0,0
flow,0.5,1.5,0,registered,during_vibration,flow_dump_0.5_1.5.shear.wave,2064,206400,206.4,0.2064,158683.45183699526,623.0484892513412,0.003926360827412279,3.9263608274122784e+17,50,0.0003150927171118108,3.150927171118108e+26,554.567176115498,0.0,51.393528008920796,5.157987496431338,0.0,11.929797630491228,0.0034948015668651274,0.0,0.0003238745276458561,3.2504885901585935e-05,0.0,7.517984699971046e-05,4556,1660,7284,0.12296296296296297,0.5395555555555556,1,0,0
flow,0.5,1.5,0,registered,during_vibration,flow_dump_0.5_1.5.shear.wave,2065,206500,206.5,0.2065,158683.4518369953,719.6107301768104,0.004534882004684506,4.5348820046845056e+17,62,0.0003907149692186453,3.907149692186453e+26,640.3685071611017,4.439729059552953,45.17566448349052,0.0,0.0,29.626829472665356,0.004035509057484511,2.797852585229608e-05,0.0002846904573886911,0.0,0.0,0.00018670396395900805,4761,1831,6908,0.13562962962962963,0.5117037037037037,1,0,0
flow,0.5,1.5,0,registered,during_vibration,flow_dump_0.5_1.5.shear.wave,2066,206600,206.6,0.20659999999999998,158683.45183699526,807.886695620636,0.005091184280831773,5.091184280831773e+17,72,0.00045373351264100755,4.5373351264100753e+26,687.065293680431,12.328494929524915,53.63097769696268,0.0,0.0,54.861929313717546,0.004329785404379825,7.769237930486375e-05,0.0003379746096779779,0.0,0.0,0.00034573188746910726,4798,1836,6866,0.136,0.5085925925925926,1,0,0
flow,0.5,1.5,0,registered,during_vibration,flow_dump_0.5_1.5.shear.wave,2067,206700,206.70000000000002,0.2067,158683.45183699526,745.5871214235906,0.004698581438658655,4.698581438658655e+17,65,0.00040962053224535404,4.096205322453541e+26,631.6060339329323,7.884268345332206,69.29280258230534,3.94782797620306,0.0,32.856188586817844,0.003980289227522844,4.9685510707387306e-05,0.0004366731488390178,2.4878636874236865e-05,0.0,0.00020705491471517004,4566,1618,7316,0.11985185185185185,0.5419259259259259,1,0,0
flow,0.5,1.5,0,registered,during_vibration,flow_dump_0.5_1.5.shear.wave,2068,206800,206.8,0.20679999999999998,158683.45183699526,637.0119749204964,0.004014356680209198,4.014356680209198e+17,52,0.00032769642579628326,3.276964257962832e+26,552.8438493623418,3.216470308929081,51.53505639483661,0.0,0.0,29.41659885438905,0.003483941412682658,2.0269727382998592e-05,0.00032476641891918936,0.0,0.0,0.00018537912122435253,4654,1745,7101,0.12925925925925927,0.526,1,0,0
flow,0.5,1.5,0,registered,during_vibration,flow_dump_0.5_1.5.shear.wave,2069,206900,206.9,0.2069,158683.4518369953,765.1481135440675,0.00482185196179153,4.82185196179153e+17,67,0.0004222242409298264,4.222242409298264e+26,655.2576590855746,6.194644477126477,67.67543904753259,7.550570791679516,0.0,28.469800142154252,0.0041293383241919656,3.903774719678908e-05,0.0004264807594244355,4.7582597329907494e-05,0.0,0.00017941253364843197,4764,1765,6971,0.13074074074074074,0.5163703703703704,1,0,0
flow,0.5,1.5,0,registered,during_vibration,flow_dump_0.5_1.5.shear.wave,2070,207000,207.0,0.207,158683.45183699526,742.0178178306177,0.00467608820731252,4.67608820731252e+17,71,0.0004474316582987713,4.474316582987713e+26,621.9800834526785,12.015768744542498,71.34834552192729,0.0,0.0,36.673620111469205,0.003919627889690706,7.572162443810135e-05,0.00044962688103872733,0.0,0.0,0.00023111181214498363,4612,1716,7172,0.12711111111111112,0.5312592592592592,1,0,0
flow,0.5,1.5,0,registered,during_vibration,flow_dump_0.5_1.5.shear.wave,2071,207100,207.1,0.20709999999999998,158683.45183699526,709.3661231256518,0.004470321983254659,4.470321983254659e+17,55,0.0003466019888229919,3.466019888229919e+26,630.8164988704831,12.077275149681798,49.11838102421784,0.0,0.0,17.353968081268988,0.0039753136925612005,7.610922884440378e-05,0.00030953688274108017,0.0,0.0,0.00010936217910797367,4630,1688,7182,0.12503703703703703,0.532,1,0,0
flow,0.5,1.5,0,registered,during_vibration,flow_dump_0.5_1.5.shear.wave,2072,207200,207.20000000000002,0.2072,158683.45183699526,851.092041020651,0.005363458074348673,5.3634580743486726e+17,73,0.0004600353669832438,4.600353669832438e+26,719.4444437135782,16.86378083070486,68.96312055301993,0.0,0.0,45.82069592334796,0.004533834091614132,0.00010627309045449729,0.0004345955407112083,0.0,0.0,0.00028875535156883564,4792,1858,6850,0.13762962962962963,0.5074074074074074,1,0,0
flow,0.5,1.5,0,registered,during_vibration,flow_dump_0.5_1.5.shear.wave,2073,207300,207.3,0.20729999999999998,158683.45183699526,771.44866629124,0.004861557127479788,4.861557127479788e+17,70,0.00044112980395653514,4.411298039565352e+26,649.5424392854624,7.334466781717666,65.37059521882699,0.0,0.0,49.2011650052329,0.004093321841477795,4.622074133635476e-05,0.0004119559693343309,0.0,0.0,0.0003100585753313075,4740,1780,6980,0.13185185185185186,0.5170370370370371,1,0,0
flow,0.5,1.5,0,registered,during_vibration,flow_dump_0.5_1.5.shear.wave,2074,207400,207.4,0.2074,158683.45183699526,619.9305246440415,0.003906711868612829,3.906711868612829e+17,47,0.00029618715408510216,2.9618715408510217e+26,556.320163773415,5.9900892570925395,39.260394594802214,0.0,0.0,18.359877018731666,0.0035058486397490578,3.774866999519113e-05,0.0002474132881551616,0.0,0.0,0.00011570127071341707,4539,1634,7327,0.12103703703703704,0.5427407407407407,1,0,0
flow,0.5,1.5,0,registered,during_vibration,flow_dump_0.5_1.5.shear.wave,2075,207500,207.5,0.2075,158683.45183699526,692.031600623813,0.004361082347355855,4.361082347355855e+17,60,0.00037811126053417294,3.78111260534173e+26,577.2181863511229,0.0,40.41263887698805,0.0,0.0,74.40077539570201,0.003637544934074537,0.0,0.00025467456378817124,0.0,0.0,0.00046886284949314614,4723,1830,6947,0.13555555555555557,0.5145925925925926,1,0,0
flow,0.5,1.5,0,registered,during_vibration,flow_dump_0.5_1.5.shear.wave,2076,207600,207.6,0.20759999999999998,158683.4518369953,850.9795417184264,0.005362749120132449,5.362749120132449e+17,76,0.0004789409300099523,4.7894093000995234e+26,707.5935623491457,15.329482072480868,74.23544958453314,0.0,0.0,53.8210477122667,0.004459151563428356,9.660416316269577e-05,0.0004678209903121478,0.0,0.0,0.0003391724032292504,4741,1798,6961,0.13318518518518518,0.5156296296296297,1,0,0
flow,0.5,1.5,0,registered,during_vibration,flow_dump_0.5_1.5.shear.wave,2077,207700,207.70000000000002,0.2077,158683.45183699526,677.0976050590017,0.0042669704825588125,4.266970482558813e+17,60,0.00037811126053417294,3.78111260534173e+26,592.1557689671932,6.667201965024289,52.66122818700519,5.9792190269418,0.0,19.634186912836828,0.003731679403946132,4.201573565385415e-05,0.0003318633895177709,3.7680167388114584e-05,0.0,0.00012373178605293826,4537,1708,7255,0.12651851851851853,0.5374074074074074,1,0,0
flow,0.5,1.5,0,registered,during_vibration,flow_dump_0.5_1.5.shear.wave,2078,207800,207.8,0.20779999999999998,158683.45183699526,645.5866636665384,0.004068393119716766,4.068393119716766e+17,50,0.0003150927171118108,3.150927171118108e+26,581.6193263645524,0.0,51.022926161297775,0.0,0.0,12.944411140688157,0.0036652802773789574,0.0,0.0003215390487831722,0.0,0.0,8.157379355463651e-05,4708,1804,6988,0.13362962962962963,0.5176296296296297,1,0,0
flow,0.5,1.5,0,registered,during_vibration,flow_dump_0.5_1.5.shear.wave,2079,207900,207.9,0.2079,158683.45183699526,861.4393915348394,0.0054286655701171515,5.4286655701171514e+17,81,0.0005104502017211335,5.104502017211335e+26,711.9701006420956,18.96856772457215,72.50097349176285,0.0,0.0,57.99974967640887,0.004486731870273746,0.00011953715088109674,0.0004568905746154185,0.0,0.0,0.0003655059743468908,4818,1875,6807,0.1388888888888889,0.5042222222222222,1,0,0
flow,0.5,1.5,0,registered,during_vibration,flow_dump_0.5_1.5.shear.wave,2080,208000,208.0,0.208,158683.4518369953,750.3093191952114,0.004728340041190641,4.728340041190641e+17,62,0.0003907149692186453,3.907149692186453e+26,600.907874857114,8.792483294125073,78.5661982111427,0.0,0.0,62.04276283282948,0.00378683390045224,5.540894902612147e-05,0.0004951127373498808,0.0,0.0,0.0003909844543623981,4621,1714,7165,0.12696296296296297,0.5307407407407407,1,0,0
flow,0.5,1.5,0,registered,during_vibration,flow_dump_0.5_1.5.shear.wave,2081,208100,208.1,0.20809999999999998,158683.45183699526,616.3954571520507,0.003884434388188328,3.884434388188328e+17,49,0.00030879086276957456,3.0879086276957458e+26,555.9746095174925,8.893884369519919,24.807613628279682,0.0,0.0,26.719349636758764,0.0035036710071608946,5.604796383340591e-05,0.00015633396766389265,0.0,0.0,0.00016838144953013588,4594,1697,7209,0.1257037037037037,0.534,1,0,0
flow,0.5,1.5,0,registered,during_vibration,flow_dump_0.5_1.5.shear.wave,2082,208200,208.20000000000002,0.2082,158683.45183699526,710.1187169959151,0.004475064720203918,4.475064720203918e+17,61,0.0003844131148764092,3.844131148764092e+26,587.342879584341,10.03129900103767,69.92971874002606,0.0,0.0,42.81481967051058,0.0037013492760901018,6.321578516795906e-05,0.0004406869016931905,0.0,0.0,0.00026981275725266766,4753,1824,6923,0.1351111111111111,0.5128148148148148,1,0,0
flow,0.5,1.5,0,registered,during_vibration,flow_dump_0.5_1.5.shear.wave,2083,208300,208.3,0.20829999999999999,158683.45183699526,870.2081911957376,0.005483925268336382,5.483925268336382e+17,76,0.0004789409300099524,4.789409300099524e+26,741.3010653618413,11.961671342308268,81.15978336668503,5.389545907235698,0.0,30.39612521766744,0.004671571337654853,7.538071048892786e-05,0.0005114571332242947,3.396413327819471e-05,0.0,0.0001915519536901133,4652,1779,7069,0.13177777777777777,0.5236296296296297,1,0,0
flow,0.5,1.5,0,registered,during_vibration,flow_dump_0.5_1.5.shear.wave,2084,208400,208.4,0.2084,158683.4518369953,614.9123971099997,0.003875088359822531,3.875088359822531e+17,48,0.00030248900842733833,3.0248900842733832e+26,540.7861098679224,5.1261058298938735,54.61988159837815,7.802560217489599,0.0,6.577739596315718,0.0034079552946921976,3.2303972282879085e-05,0.00034420653802316725,4.917059798714638e-05,0.0,4.145195683714129e-05,4579,1685,7236,0.12481481481481481,0.536,1,0,0
flow,0.5,1.5,0,registered,during_vibration,flow_dump_0.5_1.5.shear.wave,2085,208500,208.5,0.2085,158683.45183699526,726.5513041283832,0.004578620490778837,4.578620490778837e+17,63,0.0003970168235608816,3.970168235608816e+26,624.2677223782332,5.823019701237246,57.827230008155425,4.720825408555463,0.0,33.912506632201875,0.003934044256987182,3.669582198916897e-05,0.00036441878052638667,2.9749954099844302e-05,0.0,0.00021371167717625585,4751,1819,6930,0.13474074074074074,0.5133333333333333,1,0,0
flow,0.5,1.5,0,registered,during_vibration,flow_dump_0.5_1.5.shear.wave,2086,208600,208.6,0.20859999999999998,158683.45183699526,788.8744964413195,0.004971372170878137,4.971372170878137e+17,71,0.0004474316582987713,4.474316582987713e+26,663.9699668058742,10.336547802661375,63.96183485600345,0.0,0.0,50.60614697678044,0.004184242018430034,6.51394186539338e-05,0.00040307816672470107,0.0,0.0,0.00031891256706946796,4778,1817,6905,0.1345925925925926,0.5114814814814815,1,0,0
flow,0.5,1.5,0,registered,during_vibration,flow_dump_0.5_1.5.shear.wave,2087,208700,208.70000000000002,0.2087,158683.45183699526,771.6137477880093,0.004862597447027026,4.8625974470270266e+17,65,0.00040962053224535404,4.096205322453541e+26,657.0609529778859,5.534446715618968,69.86825579629686,0.0,0.0,39.150092298207504,0.004140702419637556,3.487727706669835e-05,0.00044029957117436405,0.0,0.0,0.0002467181791484076,4549,1621,7330,0.12007407407407407,0.542962962962963,1,0,0
flow,0.5,1.5,0,registered,during_vibration,flow_dump_0.5_1.5.shear.wave,2088,208800,208.8,0.20879999999999999,158683.4518369953,693.9060028732814,0.004372894557310764,4.372894557310764e+17,61,0.0003844131148764091,3.844131148764091e+26,609.0359264879198,0.0,51.01020945011442,0.0,0.0,33.859866935247226,0.0038380556979157538,0.0,0.00032145890992158236,0.0,0.0,0.00021337994947342816,4642,1755,7103,0.13,0.5261481481481481,1,0,0
flow,0.5,1.5,0,registered,during_vibration,flow_dump_0.5_1.5.shear.wave,2089,208900,208.9,0.2089,158683.45183699526,805.9997987257547,0.005079293331441413,5.079293331441413e+17,69,0.0004348279496142989,4.3482794961429895e+26,662.9598510982681,16.481290277666954,75.9649372284434,0.0,0.0,50.59372012137622,0.004177876416371896,0.00010386269070197102,0.00047871996953076764,0.0,0.0,0.00031883425483677857,4760,1778,6962,0.1317037037037037,0.5157037037037037,1,0,0
flow,0.5,1.5,0,registered,during_vibration,flow_dump_0.5_1.5.shear.wave,2090,209000,209.0,0.209,158683.45183699526,754.6341457794301,0.0047555944683798194,4.7555944683798195e+17,65,0.00040962053224535404,4.096205322453541e+26,642.6297942312442,6.304304003602437,77.75730484991057,0.0,5.640677885652369,22.302064809020635,0.004049759359226532,3.9728805559879175e-05,0.0004900152092089941,0.0,3.554673042685418e-05,0.0001405443639575602,4600,1730,7170,0.12814814814814815,0.5311111111111111,1,0,0
flow,0.5,1.5,0,registered,during_vibration,flow_dump_0.5_1.5.shear.wave,2091,209100,209.1,0.20909999999999998,158683.45183699526,616.3243051625802,0.003883985998714525,3.883985998714525e+17,46,0.0002898852997428659,2.8988529974286592e+26,554.3275206443641,0.0,48.031217881725325,0.0,0.0,13.965566636490749,0.0034932912929937217,0.0,0.00030268573897084455,0.0,0.0,8.800896674995845e-05,4631,1670,7199,0.1237037037037037,0.5332592592592592,1,0,0
flow,0.5,1.5,0,registered,during_vibration,flow_dump_0.5_1.5.shear.wave,2092,209200,209.20000000000002,0.2092,158683.45183699526,873.9101480107889,0.005507254460966084,5.5072544609660845e+17,83,0.0005230539104056059,5.2305391040560594e+26,739.4344614150258,14.26350415771442,67.12804861750243,0.0,0.0,53.08413382054633,0.004659808271467378,8.988652561179694e-05,0.0004230311846660515,0.0,0.0,0.00033452847922085826,4789,1862,6849,0.13792592592592592,0.5073333333333333,1,0,0
flow,0.5,1.5,0,registered,during_vibration,flow_dump_0.5_1.5.shear.wave,2093,209300,209.3,0.20929999999999999,158683.45183699526,694.1721211851402,0.004374571596149901,4.374571596149901e+17,61,0.0003844131148764092,3.844131148764092e+26,581.4661218740666,6.357317503313523,67.43378936885127,0.0,0.0,38.914892438908474,0.0036643148049953396,4.0062888913230625e-05,0.0004249579183475377,0.0,0.0,0.00024523598389379067,4739,1786,6975,0.1322962962962963,0.5166666666666667,1,0,0
flow,0.5,1.5,0,registered,during_vibration,flow_dump_0.5_1.5.shear.wave,2094,209400,209.4,0.2094,158683.45183699526,642.1741718119881,0.004046888093105323,4.046888093105323e+17,50,0.0003150927171118108,3.150927171118108e+26,565.3421070071772,5.740888765293098,37.90893580537477,0.0,0.0,33.18224023414316,0.003562703611892151,3.617824479385742e-05,0.00023889659171465495,0.0,0.0,0.00020910964470466034,4541,1635,7324,0.12111111111111111,0.5425185185185185,1,0,0
flow,0.5,1.5,0,registered,during_vibration,flow_dump_0.5_1.5.shear.wave,2095,209500,209.5,0.2095,158683.45183699526,659.4711783969188,0.004155891309160257,4.155891309160257e+17,52,0.00032769642579628326,3.276964257962832e+26,557.4987466827674,0.0,39.51497282344467,0.0,0.0,62.45745889070663,0.003513275897574046,0.0,0.00024901760307077087,0.0,0.0,0.00039359780851543953,4721,1822,6957,0.13496296296296295,0.5153333333333333,1,0,0
flow,0.5,1.5,0,registered,during_vibration,flow_dump_0.5_1.5.shear.wave,2096,209600,209.6,0.20959999999999998,158683.45183699526,801.8289743056969,0.005053009403459167,5.053009403459167e+17,68,0.0004285260952720627,4.2852609527206266e+26,688.0644368608129,10.48207186878566,78.46713127925118,0.0,0.0,24.81533429684728,0.00433608185916963,6.6056490121939e-05,0.0004944884319749682,0.0,0.0,0.0001563826221926303,4706,1795,6999,0.13296296296296295,0.5184444444444445,1,0,0
flow,0.5,1.5,0,registered,during_vibration,flow_dump_0.5_1.5.shear.wave,2097,209700,209.70000000000002,0.2097,158683.45183699526,666.8067510608294,0.004202119019605111,4.202119019605111e+17,54,0.00034030013448075566,3.403001344807557e+26,583.3814817961999,0.0,56.56127715721502,0.0,0.0,26.863992107414354,0.00367638512423758,0.0,0.00035644093005562157,0.0,0.0,0.0001692929653119086,4511,1692,7297,0.12533333333333332,0.5405185185185185,1,0,0
flow,0.5,1.5,0,registered,during_vibration,flow_dump_0.5_1.5.shear.wave,2098,209800,209.8,0.2098,158683.45183699526,662.2443196992268,0.004173367241717841,4.1733672417178406e+17,52,0.00032769642579628326,3.276964257962832e+26,569.5887633098828,5.310349906858024,66.23057740815968,3.3993744593223294,0.0,17.715254615003946,0.003589465421353341,3.346505161932692e-05,0.00041737545182842287,2.142236269736731e-05,0.0,0.00011163895421938278,4700,1805,6995,0.1337037037037037,0.5181481481481481,1,0,0
flow,0.5,1.5,0,registered,during_vibration,flow_dump_0.5_1.5.shear.wave,2099,209900,209.9,0.2099,158683.4518369953,845.5789952138318,0.005328715662692021,5.328715662692021e+17,76,0.0004789409300099523,4.7894093000995234e+26,699.1187636616406,20.302481907941576,64.63915221324767,0.0,0.0,61.518597431001695,0.004405744616519924,0.0001279432837697338,0.0004073465220535225,0.0,0.0,0.0003876812403488397,4800,1874,6826,0.1388148148148148,0.5056296296296297,1,0,0
flow,0.5,1.5,0,registered,during_vibration,flow_dump_0.5_1.5.shear.wave,2100,210000,210.0,0.21,158683.45183699526,869.3015883900364,0.005478211989508591,5.478211989508591e+17,70,0.00044112980395653514,4.411298039565352e+26,730.1592401435346,12.006462555338764,79.49106287961776,0.0,0.0,47.644822811545176,0.00460135717802243,7.566297818925813e-05,0.0005009410997768913,0.0,0.0,0.00030025073352001107,4640,1720,7140,0.1274074074074074,0.5288888888888889,1,0,0
flow,0.5,1.5,0,registered,during_vibration,flow_dump_0.5_1.5.shear.wave,2101,210100,210.1,0.21009999999999998,158683.45183699526,613.8972929903409,0.0038686913215182383,3.868691321518238e+17,48,0.0003024890084273384,3.024890084273384e+26,545.7925477134092,6.739386810414654,35.68701034374443,0.0,0.0,25.678348122772412,0.003439505136767915,4.247063403522107e-05,0.0002248943410961546,0.0,0.0,0.0001618212096189465,4583,1702,7215,0.12607407407407406,0.5344444444444445,1,0,0
flow,0.5,1.5,0,registered,during_vibration,flow_dump_0.5_1.5.shear.wave,2102,210200,210.20000000000002,0.2102,158683.45183699526,708.8699723021233,0.004467195313033002,4.4671953130330016e+17,58,0.00036550755184970053,3.6550755184970054e+26,606.275320873309,0.0,69.92008200136009,0.0,0.0,32.6745694274543,0.003820658763436118,0.0,0.00044062617236978333,0.0,0.0,0.0002059103772271016,4741,1809,6950,0.134,0.5148148148148148,1,0,0
flow,0.5,1.5,0,registered,during_vibration,flow_dump_0.5_1.5.shear.wave,2103,210300,210.3,0.2103,158683.4518369953,791.9239529084728,0.0049905894013571265,4.9905894013571264e+17,69,0.0004348279496142988,4.348279496142988e+26,685.2666178194288,16.46880013464566,68.35612557125815,0.0,0.0,21.832409383140394,0.004318450411094892,0.00010378397963993712,0.0004307703467496771,0.0,0.0,0.00013758466387262197,4663,1774,7063,0.13140740740740742,0.5231851851851852,1,0,0
flow,0.5,1.5,0,registered,during_vibration,flow_dump_0.5_1.5.shear.wave,2104,210400,210.4,0.2104,158683.45183699526,601.4108068853526,0.0037900033048382455,3.790003304838246e+17,47,0.00029618715408510216,2.9618715408510217e+26,539.3936456663158,5.348760936537744,40.28886839568071,0.0,0.0,16.37953188681849,0.0033991801881168952,3.370711233350383e-05,0.0002538945802431039,0.0,0.0,0.00010322142414474367,4568,1686,7246,0.12488888888888888,0.5367407407407407,1,0,0
flow,0.5,1.5,0,registered,during_vibration,flow_dump_0.5_1.5.shear.wave,2105,210500,210.5,0.2105,158683.45183699526,742.0003750567835,0.0046759782854924915,4.6759782854924915e+17,64,0.0004033186779031178,4.0331867790311785e+26,660.9159325380994,0.0,59.597049398478795,5.828112756181558,0.0,15.659280364023797,0.00416499593931832,0.0,0.00037557192453626986,3.6727917679585034e-05,0.0,9.868250395831768e-05,4757,1831,6912,0.13562962962962963,0.512,1,0,0
flow,0.5,1.5,0,registered,during_vibration,flow_dump_0.5_1.5.shear.wave,2106,210600,210.6,0.21059999999999998,158683.45183699526,797.4462427756566,0.005025390067735727,5.025390067735727e+17,73,0.0004600353669832438,4.600353669832438e+26,657.0717541056259,4.200359383266564,74.88965787719235,0.0,0.0,61.2844714095718,0.004140770486771306,2.647005301839103e-05,0.00047194371568196926,0.0,0.0,0.0003862058122640613,4791,1841,6868,0.13637037037037036,0.5087407407407407,1,0,0
flow,0.5,1.5,0,registered,during_vibration,flow_dump_0.5_1.5.shear.wave,2107,210700,210.70000000000002,0.2107,158683.4518369953,746.1914750344996,0.004702389987085808,4.7023899870858074e+17,66,0.00041592238658759017,4.1592238658759015e+26,629.7678790858109,8.420427453872813,68.18718908094102,0.0,0.0,39.81597941387485,0.003968705443417809,5.306430731367342e-05,0.00042970573359461003,0.0,0.0,0.00025091450275971497,4557,1631,7312,0.12081481481481482,0.5416296296296297,1,0,0
flow,0.5,1.5,0,registered,during_vibration,flow_dump_0.5_1.5.shear.wave,2108,210800,210.8,0.2108,158683.45183699526,671.0906961754873,0.00422911581772782,4.2291158177278195e+17,55,0.0003466019888229919,3.466019888229919e+26,584.0431564804662,4.58171949293447,58.15528225799576,0.0,2.5657290363706835,21.744808907720152,0.0036805549017197717,2.8873328881457403e-05,0.00036648611802152334,0.0,1.6168850668854132e-05,0.00013703261843621298,4651,1757,7092,0.13014814814814815,0.5253333333333333,1,0,0
flow,0.5,1.5,0,registered,during_vibration,flow_dump_0.5_1.5.shear.wave,2109,210900,210.9,0.2109,158683.45183699526,802.9800577379389,0.005060263363584917,5.060263363584917e+17,70,0.00044112980395653514,4.411298039565352e+26,686.8734661922801,11.04123369821469,77.08356923652188,0.0,0.0,27.981788610922262,0.004328576535490661,6.958024652473908e-05,0.0004857694255082414,0.0,0.0,0.00017633715606127636,4767,1798,6935,0.13318518518518518,0.5137037037037037,1,0,0
flow,0.5,1.5,0,registered,during_vibration,flow_dump_0.5_1.5.shear.wave,2110,211000,211.0,0.211,158683.45183699526,742.7146718819083,0.00468047968004155,4.68047968004155e+17,68,0.0004285260952720627,4.2852609527206266e+26,635.4705330051258,12.479490052371087,80.44385467269196,0.0,0.0,14.3207941517195,0.004004642737781515,7.86439285754284e-05,0.0005069454548753229,0.0,0.0,9.024755880928454e-05,4589,1736,7175,0.1285925925925926,0.5314814814814814,1,0,0
flow,0.5,1.5,0,registered,during_vibration,flow_dump_0.5_1.5.shear.wave,2111,211100,211.1,0.21109999999999998,158683.45183699526,626.0383212813903,0.0039452023133734,3.9452023133734e+17,48,0.0003024890084273384,3.024890084273384e+26,573.7964158181808,0.0,45.77351714163685,0.0,0.0,6.468388321572576,0.00361598143458338,0.0,0.00028845803775844807,0.0,0.0,4.0762841031572165e-05,4612,1701,7187,0.126,0.5323703703703704,1,0,0
flow,0.5,1.5,0,registered,during_vibration,flow_dump_0.5_1.5.shear.wave,2112,211200,211.20000000000002,0.2112,158683.45183699526,878.0133956388388,0.005533112529848181,5.5331125298481805e+17,76,0.0004789409300099524,4.789409300099524e+26,725.4109170861226,17.044298255680864,76.50397691823753,0.0,0.0,59.054203378797915,0.0045714339377447375,0.00010741068497293162,0.0004821169191405344,0.0,0.0,0.00037215098798997826,4810,1872,6818,0.13866666666666666,0.5050370370370371,1,0,0
flow,0.5,1.5,0,registered,during_vibration,flow_dump_0.5_1.5.shear.wave,2113,211300,211.3,0.2113,158683.45183699526,744.6438587574307,0.004692637134730046,4.692637134730046e+17,67,0.00042222424092982645,4.2222424092982644e+26,627.9127262576271,13.812238977916588,61.73296931686916,0.0,0.0,41.18592420501795,0.0039570145405120076,8.704271817898796e-05,0.000389032180748647,0.0,0.0,0.00025954769529040403,4753,1807,6940,0.13385185185185186,0.5140740740740741,1,0,0
flow,0.5,1.5,0,registered,during_vibration,flow_dump_0.5_1.5.shear.wave,2114,211400,211.4,0.21139999999999998,158683.45183699526,688.6612012809775,0.004339842581622137,4.339842581622137e+17,58,0.00036550755184970053,3.6550755184970054e+26,602.9946701709466,7.307717281199599,39.14902154283772,0.0,0.0,39.20979228599368,0.0037999845805620747,4.6052169880362326e-05,0.0002467114314040311,0.0,0.0,0.00024709439977566933,4544,1638,7318,0.12133333333333333,0.542074074074074,1,0,0
flow,0.5,1.5,0,registered,during_vibration,flow_dump_0.5_1.5.shear.wave,2115,211500,211.5,0.2115,158683.45183699526,659.1201489575739,0.004153679172763668,4.1536791727636685e+17,56,0.00035290384316522807,3.529038431652281e+26,564.8517911707845,6.549877648951646,53.099087935150365,3.225993458290688,0.0,31.393398744396848,0.0035596137129095128,4.127637490316187e-05,0.00033462271787291,2.03297408831548e-05,0.0,0.00019783662619493025,4711,1813,6976,0.1342962962962963,0.5167407407407407,1,0,0
flow,0.5,1.5,0,registered,during_vibration,flow_dump_0.5_1.5.shear.wave,2116,211600,211.6,0.21159999999999998,158683.45183699526,811.0210877075097,0.005110936763214708,5.1109367632147085e+17,68,0.0004285260952720627,4.2852609527206266e+26,704.5227159313108,0.0,79.8333818458005,6.8869197025989735,0.0,19.778070227799304,0.004439799536595783,0.0,0.0005030983440403598,4.340036483245549e-05,0.0,0.00012463851774610987,4707,1801,6992,0.13340740740740742,0.5179259259259259,1,0,0
flow,0.5,1.5,0,registered,during_vibration,flow_dump_0.5_1.5.shear.wave,2117,211700,211.70000000000002,0.2117,158683.45183699526,667.6791655085821,0.004207616848380911,4.207616848380911e+17,56,0.00035290384316522807,3.529038431652281e+26,582.3612344668829,10.827041164479635,53.2269233811097,5.038694497491924,0.0,16.225271998617842,0.003669955674175169,6.823043637594624e-05,0.00033542831823312055,3.1753118798221205e-05,0.0,0.00010224930079845353,4510,1716,7274,0.12711111111111112,0.5388148148148149,1,0,0
flow,0.5,1.5,0,registered,during_vibration,flow_dump_0.5_1.5.shear.wave,2118,211800,211.8,0.2118,158683.4518369953,712.8506136741,0.004492280735147878,4.492280735147878e+17,59,0.00037180940619193666,3.718094061919367e+26,599.6007645252598,0.0,63.35696193892754,0.0,0.0,49.89288720991282,0.0037785966815316627,0.0,0.0003992663457057251,0.0,0.0,0.0003144177079104908,4708,1819,6973,0.13474074074074074,0.5165185185185185,1,0,0
flow,0.5,1.5,0,registered,during_vibration,flow_dump_0.5_1.5.shear.wave,2119,211900,211.9,0.21189999999999998,158683.45183699526,763.6924027908312,0.004812678284660209,4.812678284660209e+17,70,0.00044112980395653514,4.411298039565352e+26,640.1774353719829,13.502454306926488,57.41842114430216,0.0,0.0,52.59409196761959,0.004034304950900575,8.509050030495079e-05,0.0003618425266125683,0.0,0.0,0.0003314403068421144,4808,1868,6824,0.13837037037037037,0.5054814814814815,1,0,0
flow,0.5,1.5,0,registered,during_vibration,flow_dump_0.5_1.5.shear.wave,2120,212000,212.0,0.212,158683.45183699526,774.4470282452456,0.0048804523677792346,4.8804523677792346e+17,68,0.0004285260952720627,4.2852609527206266e+26,638.1907084483363,13.107670985279203,70.77203050037653,5.67311900249293,0.0,46.70349930876063,0.004021784887209955,8.26026333151854e-05,0.0004459950277176718,3.575116961988286e-05,0.0,0.00029431864991653927,4651,1747,7102,0.12940740740740742,0.526074074074074,1,0,0
flow,0.5,1.5,0,registered,during_vibration,flow_dump_0.5_1.5.shear.wave,2121,212100,212.1,0.21209999999999998,158683.45183699526,634.7778853420733,0.004000277773098467,4.000277773098467e+17,50,0.0003150927171118108,3.150927171118108e+26,558.979237774704,5.329882885822001,36.474183405863634,0.0,0.0,33.99458127568364,0.0035226057367904085,3.3588145607627874e-05,0.0002298549910757619,0.0,0.0,0.00021422889962466893,4587,1711,7202,0.12674074074074074,0.5334814814814814,1,0,0
flow,0.5,1.5,0,registered,during_vibration,flow_dump_0.5_1.5.shear.wave,2122,212200,212.20000000000002,0.2122,158683.4518369953,704.3620815848975,0.0044387872423423255,4.438787242342326e+17,59,0.00037180940619193666,3.718094061919367e+26,564.8802202511621,0.0,76.50191725756862,0.0,0.0,62.97994407616687,0.003559792868833135,0.0,0.00048210393945900446,0.0,0.0,0.0003968904340501862,4732,1821,6947,0.1348888888888889,0.5145925925925926,1,0,0
flow,0.5,1.5,0,registered,during_vibration,flow_dump_0.5_1.5.shear.wave,2123,212300,212.3,0.2123,158683.45183699526,813.1587311201055,0.005124407880636528,5.124407880636528e+17,67,0.00042222424092982645,4.2222424092982644e+26,704.362384795599,6.756564599992333,73.81733394865225,0.0,0.0,28.22244777586171,0.004438789153132002,4.2578885963061186e-05,0.000465186086476615,0.0,0.0,0.00017785375506484895,4653,1793,7054,0.1328148148148148,0.5225185185185185,1,0,0
flow,0.5,1.5,0,registered,during_vibration,flow_dump_0.5_1.5.shear.wave,2124,212400,212.4,0.21239999999999998,158683.45183699526,619.6573847202352,0.0039049905805979518,3.904990580597952e+17,48,0.0003024890084273384,3.024890084273384e+26,559.7723278078375,6.816302638640552,46.893296251657276,0.0,0.0,6.175458022099994,0.0035276036746594956,4.295534638131314e-05,0.00029551472260527567,0.0,0.0,3.8916836951868316e-05,4568,1705,7227,0.1262962962962963,0.5353333333333333,1,0,0
flow,0.5,1.5,0,registered,during_vibration,flow_dump_0.5_1.5.shear.wave,2125,212500,212.5,0.2125,158683.45183699526,772.5494059136953,0.004868493828249229,4.8684938282492294e+17,66,0.0004159223865875903,4.159223865875903e+26,689.8688186946417,0.0,52.64105661492472,0.0,0.0,30.03953060412875,0.004347452810664197,0.0,0.00033173627120866583,0.0,0.0,0.00018930474637636645,4757,1835,6908,0.13592592592592592,0.5117037037037037,1,0,0
flow,0.5,1.5,0,registered,during_vibration,flow_dump_0.5_1.5.shear.wave,2126,212600,212.6,0.21259999999999998,158683.4518369953,781.2482862772772,0.004923312905241061,4.923312905241061e+17,66,0.00041592238658759017,4.1592238658759015e+26,652.4748969332353,15.868682984309503,66.98603423095022,0.0,0.0,45.91867212878249,0.004111801762438836,0.00010000212877024078,0.0004221362306874974,0.0,0.0,0.00028937278334448897,4773,1836,6891,0.136,0.5104444444444445,1,0,0
flow,0.5,1.5,0,registered,during_vibration,flow_dump_0.5_1.5.shear.wave,2127,212700,212.70000000000002,0.2127,158683.45183699526,707.0351144363104,0.0044556323060239425,4.4556323060239424e+17,58,0.00036550755184970053,3.6550755184970054e+26,603.1464924852313,0.0,69.7679858947925,5.176353675218532,0.0,28.94428238106822,0.003800941342672598,0.0,0.0004396676848601732,3.2620626885126304e-05,0.0,0.00018240265160604597,4578,1646,7276,0.12192592592592592,0.538962962962963,1,0,0
flow,0.5,1.5,0,registered,during_vibration,flow_dump_0.5_1.5.shear.wave,2128,212800,212.8,0.2128,158683.45183699526,636.6833272229255,0.004012285590289195,4.012285590289195e+17,53,0.00033399828013851943,3.3399828013851945e+26,544.3378201699036,4.85797686566861,53.98412970538527,0.0,4.276373165870832,29.227027316097054,0.0034303376556811035,3.0614262605396814e-05,0.00034020012219572525,0.0,2.6949080804365537e-05,0.00018418446900260273,4663,1759,7078,0.1302962962962963,0.5242962962962963,1,0,0
flow,0.5,1.5,0,registered,during_vibration,flow_dump_0.5_1.5.shear.wave,2129,212900,212.9,0.21289999999999998,158683.45183699526,795.1988206462232,0.00501122714083052,5.01122714083052e+17,66,0.0004159223865875903,4.159223865875903e+26,654.9874170141862,6.853600217426063,76.11035925885292,0.0,0.0,57.24744415575781,0.004127635298020933,4.319039029013751e-05,0.0004796363979845607,0.0,0.0,0.00036076505453488765,4751,1807,6942,0.13385185185185186,0.5142222222222222,1,0,0
flow,0.5,1.5,0,registered,during_vibration,flow_dump_0.5_1.5.shear.wave,2130,213000,213.0,0.213,158683.4518369953,779.26545977814,0.004910817421457572,4.910817421457572e+17,63,0.00039701682356088153,3.970168235608816e+26,675.1597737336422,0.0,84.43016599050026,0.0,0.0,19.67552005399769,0.0042547585518065735,0.0,0.0005320666081629585,0.0,0.0,0.00012399226148804106,4588,1739,7173,0.12881481481481483,0.5313333333333333,1,0,0
flow,0.5,1.5,0,registered,during_vibration,flow_dump_0.5_1.5.shear.wave,2131,213100,213.1,0.21309999999999998,158683.45183699526,657.8948820960702,0.004145957719472103,4.145957719472103e+17,51,0.000321394571454047,3.21394571454047e+26,590.1090879457943,0.0,49.39482571897611,6.580358073846787,0.0,11.810610357452928,0.0037187815182642566,0.0,0.0003112789969411307,4.1468458101140514e-05,0.0,7.442874616557476e-05,4619,1728,7153,0.128,0.5298518518518519,1,0,0
flow,0.5,1.5,0,registered,during_vibration,flow_dump_0.5_1.5.shear.wave,2132,213200,213.20000000000002,0.2132,158683.45183699526,838.5601123218765,0.0052844836850617066,5.284483685061706e+17,77,0.00048524278435218865,4.852427843521887e+26,697.3839510699991,8.311975103209232,71.88789270022218,0.0,0.0,60.976293448446036,0.004394812080256322,5.2380856396718416e-05,0.0004530270287671063,0.0,0.0,0.0003842637196415594,4794,1865,6841,0.13814814814814816,0.5067407407407407,1,0,0
flow,0.5,1.5,0,registered,during_vibration,flow_dump_0.5_1.5.shear.wave,2133,213300,213.3,0.2133,158683.45183699526,771.0176735005361,0.004858841073690219,4.858841073690219e+17,67,0.00042222424092982645,4.2222424092982644e+26,649.8913780100328,10.701181667177712,68.02017231571534,7.56193566488337,0.0,34.84300584272705,0.0040955208024944035,6.743728815636246e-05,0.00042865321826744636,4.765421710545617e-05,0.0,0.0002195755476665513,4768,1822,6910,0.13496296296296295,0.5118518518518519,1,0,0
flow,0.5,1.5,0,registered,during_vibration,flow_dump_0.5_1.5.shear.wave,2134,213400,213.4,0.21339999999999998,158683.45183699526,668.4243556848647,0.00421231292832911,4.21231292832911e+17,55,0.0003466019888229919,3.466019888229919e+26,590.9470433646704,8.624946824413382,32.981084478766896,0.0,4.430305087316834,31.440975929697167,0.003724062191259302,5.435315859698593e-05,0.00020784199043417663,0.0,2.791913735193879e-05,0.00019813645068670645,4571,1654,7275,0.12251851851851851,0.5388888888888889,1,0,0
flow,0.5,1.5,0,registered,during_vibration,flow_dump_0.5_1.5.shear.wave,2135,213500,213.5,0.2135,158683.45183699526,660.8429955041141,0.004164536300753989,4.164536300753989e+17,58,0.00036550755184970053,3.6550755184970054e+26,570.4204545583369,5.754921046420055,55.669886230732295,0.0,0.0,28.997733668624956,0.0035947066184588115,3.626667418560881e-05,0.00035082351427493644,0.0,0.0,0.0001827394938346335,4728,1826,6946,0.13525925925925925,0.5145185185185185,1,0,0
flow,0.5,1.5,0,registered,during_vibration,flow_dump_0.5_1.5.shear.wave,2136,213600,213.6,0.21359999999999998,158683.45183699526,840.2704676656796,0.0052952620953118186,5.295262095311819e+17,71,0.0004474316582987713,4.474316582987713e+26,720.9704422322834,7.054098754048839,79.00894620586055,0.0,0.0,33.23698047348664,0.00454345071200548,4.4453902863765755e-05,0.0004979028707229099,0.0,0.0,0.0002094546097196621,4714,1808,6978,0.13392592592592592,0.5168888888888888,1,0,0
flow,0.5,1.5,0,registered,during_vibration,flow_dump_0.5_1.5.shear.wave,2137,213700,213.70000000000002,0.2137,158683.4518369953,641.7417171637073,0.004044162826902234,4.0441628269022336e+17,50,0.00031509271711181074,3.150927171118107e+26,580.0727283866717,0.0,44.9269490227053,6.865857107122595,0.0,9.876182647207681,0.003655533842196355,0.0,0.0002831230887821605,4.326763142369391e-05,0.0,6.223826450002369e-05,4528,1718,7254,0.12725925925925927,0.5373333333333333,1,0,0
flow,0.5,1.5,0,registered,during_vibration,flow_dump_0.5_1.5.shear.wave,2138,213800,213.8,0.2138,158683.45183699526,676.475339843436,0.004263049057808077,4.2630490578080774e+17,52,0.00032769642579628326,3.276964257962832e+26,591.8924362019125,0.0,52.66823130081827,0.0,0.0,31.91467234070533,0.0037300199192157944,0.0,0.000331907522120963,0.0,0.0,0.00020112161647131994,4722,1821,6957,0.1348888888888889,0.5153333333333333,1,0,0
flow,0.5,1.5,0,registered,during_vibration,flow_dump_0.5_1.5.shear.wave,2139,213900,213.9,0.21389999999999998,158683.45183699526,784.5755184853932,0.004944280637979406,4.944280637979406e+17,71,0.0004474316582987713,4.474316582987713e+26,652.9278471800392,4.6908178670318055,76.50005826337654,0.0,0.0,50.45679517494572,0.004114656188918474,2.956085094399361e-05,0.000482092224348383,0.0,0.0,0.000317971373768555,4811,1871,6818,0.1385925925925926,0.5050370370370371,1,0,0
flow,0.5,1.5,0,registered,during_vibration,flow_dump_0.5_1.5.shear.wave,2140,214000,214.0,0.214,158683.45183699526,832.9778268555251,0.005249304935155978,5.2493049351559776e+17,74,0.00046633722132547996,4.6633722132548e+26,671.1167696496987,8.546066619768837,72.55997182411268,4.876046988630543,0.0,75.87897177331497,0.0042292801289644955,5.385606703683022e-05,0.000457262373512322,3.0728137888249214e-05,0.0,0.0004781782277540842,4681,1741,7078,0.12896296296296297,0.5242962962962963,1,0,0
flow,0.5,1.5,0,registered,during_vibration,flow_dump_0.5_1.5.shear.wave,2141,214100,214.1,0.21409999999999998,158683.4518369953,623.3339811009811,0.003928159955464605,3.928159955464605e+17,51,0.00032139457145404697,3.2139457145404694e+26,550.3379411224003,9.792125459130379,30.84069390567127,0.0,4.626240183090294,27.736980430688874,0.0034681495439595365,6.170854834434256e-05,0.00019435356080703246,0.0,2.9153891786035232e-05,0.0001747944105676576,4614,1715,7171,0.12703703703703703,0.5311851851851852,1,0,0
flow,0.5,1.5,0,registered,during_vibration,flow_dump_0.5_1.5.shear.wave,2142,214200,214.20000000000002,0.2142,158683.45183699526,721.6351058631165,0.0045476393253935715,4.547639325393571e+17,60,0.00037811126053417294,3.78111260534173e+26,590.7857223301653,0.0,69.49749995249479,0.0,0.0,61.3518835804562,0.0037230455695975114,0.0,0.0004379631218501905,0.0,0.0,0.00038663063394586873,4760,1824,6916,0.1351111111111111,0.5122962962962962,1,0,0
flow,0.5,1.5,0,registered,during_vibration,flow_dump_0.5_1.5.shear.wave,2143,214300,214.3,0.2143,158683.45183699526,792.6257938964662,0.004995012301034873,4.9950123010348736e+17,65,0.00040962053224535404,4.096205322453541e+26,667.3219448797175,6.184159958087585,72.47970020910807,0.0,0.0,46.63998884955312,0.0042053656960097646,3.897167528495758e-05,0.0004567565134867469,0.0,0.0,0.000293918416253405,4687,1797,7016,0.13311111111111112,0.5197037037037037,1,0,0
flow,0.5,1.5,0,registered,during_vibration,flow_dump_0.5_1.5.shear.wave,2144,214400,214.4,0.21439999999999998,158683.45183699526,605.2214118483355,0.003814017182270766,3.814017182270766e+17,48,0.0003024890084273384,3.024890084273384e+26,543.7498484762043,5.6878439845502315,34.630753238568396,5.363748058209505,0.0,15.78921809080284,0.0034266323437100524,3.584396431200002e-05,0.00021823796267138315,3.380155899128864e-05,0.0,9.950135258604049e-05,4596,1730,7174,0.12814814814814815,0.5314074074074074,1,0,0
flow,0.5,1.5,0,registered,during_vibration,flow_dump_0.5_1.5.shear.wave,2145,214500,214.5,0.2145,158683.4518369953,729.0066601089417,0.004594093786526654,4.594093786526654e+17,59,0.00037180940619193666,3.718094061919367e+26,666.8844677201196,0.0,42.9818444311148,5.878388345089806,0.0,13.261959612617577,0.004202608778671922,0.0,0.0002708653229655423,3.704474711785495e-05,0.0,8.35749377713354e-05,4776,1838,6886,0.13614814814814816,0.5100740740740741,1,0,0
flow,0.5,1.5,0,registered,during_vibration,flow_dump_0.5_1.5.shear.wave,2146,214600,214.6,0.21459999999999999,158683.45183699526,795.3170278906833,0.005011972065667305,5.011972065667305e+17,73,0.0004600353669832438,4.600353669832438e+26,666.5733340763566,9.320510630950299,65.41768562398983,0.0,0.0,54.0054975593867,0.004200648059767959,5.8736500391512956e-05,0.000412252726208584,0.0,0.0,0.0003403347792992484,4798,1828,6874,0.13540740740740742,0.5091851851851852,1,0,0
flow,0.5,1.5,0,registered,during_vibration,flow_dump_0.5_1.5.shear.wave,2147,214700,214.70000000000002,0.2147,158683.45183699526,819.3829643775466,0.005163632092017025,5.1636320920170246e+17,66,0.0004159223865875903,4.159223865875903e+26,678.523423730686,7.280396094847172,72.59311314311879,0.0,0.0,60.98603140889443,0.004275955784146208,4.587999574351224e-05,0.00045747122527740804,0.0,0.0,0.00038432508684989563,4593,1650,7257,0.12222222222222222,0.5375555555555556,1,0,0
flow,0.5,1.5,0,registered,during_vibration,flow_dump_0.5_1.5.shear.wave,2148,214800,214.8,0.2148,158683.45183699526,699.36575982203,0.00440730115034579,4.40730115034579e+17,54,0.00034030013448075566,3.403001344807557e+26,597.1597404082676,5.903548028790194,42.17842707498655,14.96597736853312,0.0,39.15806694145283,0.0037632137031004924,3.7203299779831536e-05,0.0002658023038111976,9.431340946569937e-05,0.0,0.0002467684341885709,4691,1762,7047,0.1305185185185185,0.522,1,0,0
flow,0.5,1.5,0,registered,during_vibration,flow_dump_0.5_1.5.shear.wave,2149,214900,214.9,0.21489999999999998,158683.4518369953,798.3014029356192,0.005030779162503094,5.0307791625030944e+17,68,0.00042852609527206263,4.2852609527206266e+26,674.0490622688517,0.0,74.9572420606048,0.0,0.0,49.29509860616245,0.004247759009939212,0.0,0.00047236962136167337,0.0,0.0,0.0003106505312022072,4776,1806,6918,0.13377777777777777,0.5124444444444445,1,0,0
flow,0.5,1.5,0,registered,during_vibration,flow_dump_0.5_1.5.shear.wave,2150,215000,215.0,0.215,158683.45183699526,748.2436512532207,0.00471532250270079,4.71532250270079e+17,63,0.0003970168235608816,3.970168235608816e+26,656.3059944611359,6.853387239756554,76.15201785605883,0.0,0.0,8.932251696269262,0.004135944781030567,4.3189048135886115e-05,0.00047989892439625424,0.0,0.0,5.6289749138081256e-05,4628,1756,7116,0.13007407407407406,0.5271111111111111,1,0,0
flow,0.5,1.5,0,registered,during_vibration,flow_dump_0.5_1.5.shear.wave,2151,215100,215.1,0.21509999999999999,158683.45183699526,617.2272491755477,0.0038896762203634405,3.8896762203634406e+17,49,0.00030879086276957456,3.0879086276957458e+26,554.5786708256919,4.954303557769368,46.473368930421785,4.843728309593713,0.0,6.377177552070949,0.0034948740048544756,3.1221299388285225e-05,0.00029286840179252417,3.0524470280425626e-05,0.0,4.018804404772963e-05,4635,1737,7128,0.12866666666666668,0.528,1,0,0
flow,0.5,1.5,0,registered,during_vibration,flow_dump_0.5_1.5.shear.wave,2152,215200,215.20000000000002,0.2152,158683.45183699526,837.7093685761783,0.005279122421893748,5.279122421893748e+17,71,0.0004474316582987713,4.474316582987713e+26,691.8660325848333,19.348401751430025,65.75037453248869,0.0,0.0,60.74455970742639,0.004360038961690475,0.0001219308095925801,0.00041434928325122136,0.0,0.0,0.0003828033673594721,4786,1851,6863,0.1371111111111111,0.5083703703703704,1,0,0
flow,0.5,1.5,0,registered,during_vibration,flow_dump_0.5_1.5.shear.wave,2153,215300,215.3,0.2153,158683.45183699526,744.1797049076685,0.004689712104776456,4.6897121047764563e+17,67,0.00042222424092982645,4.2222424092982644e+26,632.9306617292737,10.587639794717486,75.32355034638807,0.0,0.0,25.33785303728917,0.003988636838953064,6.672176381437335e-05,0.00047467804282303393,0.0,0.0,0.00015967545918598385,4779,1807,6914,0.13385185185185186,0.5121481481481481,1,0,0
flow,0.5,1.5,0,registered,during_vibration,flow_dump_0.5_1.5.shear.wave,2154,215400,215.4,0.21539999999999998,158683.45183699526,714.1954360719078,0.00450075561001504,4.50075561001504e+17,60,0.00037811126053417294,3.78111260534173e+26,626.3167275324486,11.47484731698145,33.75244916650615,8.127138395978097,12.753569718340403,21.770703941652993,0.003946956789015538,7.231281639101713e-05,0.00021270301834105395,5.1216042390649244e-05,8.037113870853578e-05,0.00013719580516824501,4571,1641,7288,0.12155555555555556,0.5398518518518518,1,0,0
flow,0.5,1.5,0,registered,during_vibration,flow_dump_0.5_1.5.shear.wave,2155,215500,215.5,0.2155,158683.45183699526,694.1912437507103,0.004374692103772774,4.374692103772774e+17,62,0.0003907149692186454,3.907149692186454e+26,586.6694617038847,8.075088692555921,51.73145126225363,0.0,0.0,47.71524209201627,0.0036971054946960094,5.08880327411261e-05,0.0003260040707672142,0.0,0.0,0.00030069450556842497,4741,1849,6910,0.13696296296296295,0.5118518518518519,1,0,0
flow,0.5,1.5,0,registered,during_vibration,flow_dump_0.5_1.5.shear.wave,2156,215600,215.6,0.21559999999999999,158683.45183699526,840.889592385009,0.00529916372911271,5.2991637291127104e+17,70,0.00044112980395653514,4.411298039565352e+26,739.1047576952661,9.980052072167123,77.43224023631095,0.0,0.0,14.372542381264635,0.004657730526649359,6.289283448672993e-05,0.000487966699362274,0.0,0.0,9.057366861434659e-05,4748,1815,6937,0.13444444444444445,0.5138518518518519,1,0,0
flow,0.5,1.5,0,registered,during_vibration,flow_dump_0.5_1.5.shear.wave,2157,215700,215.70000000000002,0.2157,158683.45183699526,641.9928116412739,0.004045745187725999,4.045745187725999e+17,54,0.00034030013448075566,3.403001344807557e+26,596.2406723176018,0.0,36.747123586921916,0.0,0.0,9.00501573675018,0.0037574218698625196,0.0,0.00023157502034093475,0.0,0.0,5.674829752254458e-05,4541,1721,7238,0.12748148148148147,0.5361481481481482,1,0,0
flow,0.5,1.5,0,registered,during_vibration,flow_dump_0.5_1.5.shear.wave,2158,215800,215.8,0.2158,158683.45183699526,673.8473497495987,0.004246487847023875,4.2464878470238746e+17,53,0.00033399828013851943,3.3399828013851945e+26,588.1748342425836,0.0,56.40494079582334,0.0,0.0,29.267574711191827,0.0037065921331656923,0.0,0.000355455721077736,0.0,0.0,0.00018443999278044707,4709,1835,6956,0.13592592592592592,0.5152592592592593,1,0,0
flow,0.5,1.5,0,registered,during_vibration,flow_dump_0.5_1.5.shear.wave,2159,215900,215.9,0.21589999999999998,158683.45183699526,792.4838497583473,0.004994117789751714,4.994117789751714e+17,76,0.0004789409300099524,4.789409300099524e+26,658.6821046947535,20.25593644610479,58.82178923616851,0.0,0.0,54.72401938132017,0.004150918681623922,0.00012764996104894629,0.00037068634791605204,0.0,0.0,0.00034486279916279137,4818,1863,6819,0.138,0.5051111111111111,1,0,0
flow,0.5,1.5,0,registered,during_vibration,flow_dump_0.5_1.5.shear.wave,2160,216000,216.0,0.216,158683.4518369953,878.5729880483482,0.005536638999703929,5.536638999703929e+17,72,0.00045373351264100744,4.537335126410075e+26,721.2908029716391,10.955459251408396,76.59810816508187,3.381203331098072,0.0,66.34741432912068,0.00454546957872187,6.90397084546799e-05,0.00048271012054720044,2.1307850894063936e-05,0.0,0.00041811174108611444,4679,1741,7080,0.12896296296296297,0.5244444444444445,1,0,0
flow,0.5,1.5,0,registered,during_vibration,flow_dump_0.5_1.5.shear.wave,2161,216100,216.1,0.2161,158683.45183699526,605.1660707987354,0.00381366843103704,3.81366843103704e+17,52,0.00032769642579628326,3.276964257962832e+26,552.6698447376724,8.521628541645416,22.34938192453388,0.0,4.3010415501245385,17.32417404475909,0.0034828448608831162,5.370206182809224e-05,0.00014084254952741944,0.0,2.7104537368790707e-05,0.00010917442142962101,4592,1707,7201,0.12644444444444444,0.5334074074074074,1,0,0
flow,0.5,1.5,0,registered,during_vibration,flow_dump_0.5_1.5.shear.wave,2162,216200,216.20000000000002,0.2162,158683.45183699526,693.9307355116916,0.004373050418795525,4.373050418795525e+17,60,0.00037811126053417294,3.78111260534173e+26,570.4890544993536,5.817891479453098,67.00721440802381,0.0,0.0,50.616575124861136,0.003595138925294985,3.6663504682450586e-05,0.000422269705078358,0.0,0.0,0.0003189782837397318,4756,1847,6897,0.1368148148148148,0.5108888888888888,1,0,0
flow,0.5,1.5,0,registered,during_vibration,flow_dump_0.5_1.5.shear.wave,2163,216300,216.3,0.2163,158683.45183699526,805.1044821483193,0.005073651176780226,5.073651176780226e+17,69,0.0004348279496142989,4.3482794961429895e+26,679.7585395953392,8.364736547653605,77.83015308959098,5.28325481907074,0.0,33.86779809666438,0.004283739304421037,5.2713351334492845e-05,0.0004904742882045483,3.3294302322701355e-05,0.0,0.00021342993049744389,4706,1794,7000,0.1328888888888889,0.5185185185185185,1,0,0
flow,0.5,1.5,0,registered,during_vibration,flow_dump_0.5_1.5.shear.wave,2164,216400,216.4,0.21639999999999998,158683.4518369953,624.9396752814904,0.003938278806308351,3.938278806308351e+17,49,0.0003087908627695745,3.087908627695745e+26,560.3302316122711,0.0,42.746340867050115,7.071293956901762,0.0,14.7918088452675,0.0035311195031720146,0.0,0.00026938121380772913,4.456226452753007e-05,0.0,9.321582480107704e-05,4583,1715,7202,0.12703703703703703,0.5334814814814814,1,0,0
flow,0.5,1.5,0,registered,during_vibration,flow_dump_0.5_1.5.shear.wave,2165,216500,216.5,0.2165,158683.45183699526,761.5695695041126,0.004799300498494458,4.7993004984944576e+17,59,0.00037180940619193677,3.7180940619193676e+26,682.5968321621569,0.0,52.556516223074766,0.0,0.0,26.416221118881108,0.004301625810757774,0.0,0.00033120350997319184,0.0,0.0,0.00016647117776349293,4759,1864,6877,0.13807407407407407,0.5094074074074074,1,0,0
flow,0.5,1.5,0,registered,during_vibration,flow_dump_0.5_1.5.shear.wave,2166,216600,216.6,0.2166,158683.45183699526,771.8972338588909,0.004864383934953776,4.864383934953776e+17,71,0.0004474316582987713,4.474316582987713e+26,647.3502757977581,6.863120632364771,69.44196229433248,0.0,0.0,48.241875134435695,0.004079507146483914,4.325038655835889e-05,0.0004376131316179427,0.0,0.0,0.0003040132702935609,4790,1827,6883,0.13533333333333333,0.5098518518518519,1,0,0
flow,0.5,1.5,0,registered,during_vibration,flow_dump_0.5_1.5.shear.wave,2167,216700,216.70000000000002,0.2167,158683.45183699526,759.4706572235951,0.004786073459025506,4.786073459025506e+17,61,0.0003844131148764092,3.844131148764092e+26,640.436934036305,6.624932501150534,80.01965544983663,0.0,0.0,32.38913523630305,0.004035940273685138,4.174935964939732e-05,0.0005042722131607989,0.0,0.0,0.0002041116125301724,4573,1648,7279,0.12207407407407407,0.5391851851851852,1,0,0
flow,0.5,1.5,0,registered,during_vibration,flow_dump_0.5_1.5.shear.wave,2168,216800,216.8,0.2168,158683.4518369953,639.1655833219733,0.004027928406665521,4.0279284066655206e+17,57,0.00035920569750746425,3.5920569750746426e+26,535.5917411837825,3.0013064213196086,48.110644552803905,0.0,3.4719478146320775,48.989943349435464,0.0033752211398448743,1.891379590357441e-05,0.0003031862742828704,0.0,2.1879709411656696e-05,0.00030872748722254607,4658,1749,7093,0.12955555555555556,0.5254074074074074,1,0,0
flow,0.5,1.5,0,registered,during_vibration,flow_dump_0.5_1.5.shear.wave,2169,216900,216.9,0.21689999999999998,158683.45183699526,763.8533293890808,0.00481369242064217,4.81369242064217e+17,63,0.0003970168235608816,3.970168235608816e+26,632.7091164689966,10.57947212451913,81.30532765851615,0.0,0.0,39.2594131370489,0.0039872406929925865,6.667029234646789e-05,0.0005123743321517583,0.0,0.0,0.0002474071031513572,4755,1830,6915,0.13555555555555557,0.5122222222222222,1,0,0
flow,0.5,1.5,0,registered,during_vibration,flow_dump_0.5_1.5.shear.wave,2170,217000,217.0,0.217,158683.45183699526,780.3171187487768,0.004917444823108232,4.917444823108232e+17,69,0.0004348279496142989,4.3482794961429895e+26,698.9448347802783,4.9786895374334925,65.28364938104839,0.0,0.0,11.109945050016485,0.004404648542043671,3.1374976280121275e-05,0.00041140804932898647,0.0,0.0,7.001325545545214e-05,4621,1767,7112,0.1308888888888889,0.5268148148148148,1,0,0
flow,0.5,1.5,0,registered,during_vibration,flow_dump_0.5_1.5.shear.wave,2171,217100,217.1,0.2171,158683.45183699526,623.7257883075362,0.003930629067410553,3.9306290674105536e+17,48,0.0003024890084273384,3.024890084273384e+26,569.0754763826737,0.0,44.67834520208727,6.955299681329356,0.0,3.0166670414460306,0.0035862307619022957,0.0,0.00028155642371570225,4.383128549833957e-05,0.0,1.9010596294217548e-05,4621,1748,7131,0.12948148148148148,0.5282222222222223,1,0,0
flow,0.5,1.5,0,registered,during_vibration,flow_dump_0.5_1.5.shear.wave,2172,217200,217.20000000000002,0.21719999999999998,158683.45183699526,785.1684431089644,0.004948017162593077,4.948017162593077e+17,72,0.00045373351264100755,4.5373351264100753e+26,640.9739688660807,7.333968661855021,52.91338239325094,0.0,0.0,83.94712318777788,0.004039324588959092,4.6217602257535395e-05,0.00033345242859731376,0.0,0.0,0.0005290225427791365,4794,1876,6830,0.13896296296296295,0.5059259259259259,1,0,0
flow,0.5,1.5,0,registered,during_vibration,flow_dump_0.5_1.5.shear.wave,2173,217300,217.3,0.2173,158683.45183699526,711.2486258806051,0.004482185241415233,4.4821852414152326e+17,64,0.0004033186779031178,4.0331867790311785e+26,608.3131726312483,9.34305228600691,63.034688726071344,0.0,0.0,30.557712237278576,0.0038335010083857214,5.8878554618312655e-05,0.00039723542685990096,0.0,0.0,0.00019257025155129876,4771,1816,6913,0.1345185185185185,0.5120740740740741,1,0,0
flow,0.5,1.5,0,registered,during_vibration,flow_dump_0.5_1.5.shear.wave,2174,217400,217.4,0.21739999999999998,158683.45183699526,732.0235657505527,0.004613105886444359,4.613105886444359e+17,54,0.00034030013448075566,3.403001344807557e+26,643.5889421589903,7.93107096842957,40.510828494310736,15.685626345950757,4.450046808843737,19.85705097402753,0.004055803769759846,4.998045402098148e-05,0.00025529334045445876,9.884853249892457e-05,2.8043546805466322e-05,0.00012513624290468126,4557,1641,7302,0.12155555555555556,0.5408888888888889,1,0,0
flow,0.5,1.5,0,registered,during_vibration,flow_dump_0.5_1.5.shear.wave,2175,217500,217.5,0.2175,158683.45183699526,687.0921423146654,0.004329954600562058,4.329954600562058e+17,58,0.00036550755184970053,3.6550755184970054e+26,575.1375961681715,0.0,51.55965350975017,0.0,0.0,60.39489263674377,0.003624433357795691,0.0,0.0003249214263546139,0.0,0.0,0.0003805998164117538,4714,1830,6956,0.13555555555555557,0.5152592592592593,1,0,0
flow,0.5,1.5,0,registered,during_vibration,flow_dump_0.5_1.5.shear.wave,2176,217600,217.6,0.2176,158683.45183699526,823.6634629492191,0.005190607170527856,5.1906071705278554e+17,73,0.0004600353669832438,4.600353669832438e+26,684.7767823904748,12.602747943045355,79.49408657639992,0.0,0.0,46.78984603929897,0.004315363539569957,7.942068184898891e-05,0.0005009601546735876,0.0,0.0,0.0002948627944353202,4742,1810,6948,0.13407407407407407,0.5146666666666667,1,0,0
flow,0.5,1.5,0,registered,during_vibration,flow_dump_0.5_1.5.shear.wave,2177,217700,217.70000000000002,0.21769999999999998,158683.45183699526,652.0741438880185,0.004109276275120672,4.109276275120672e+17,50,0.0003150927171118108,3.150927171118108e+26,593.9234602492688,6.972253656212446,45.975166700650504,0.0,0.0,5.2032632818867715,0.0037428191369278134,4.393812697857474e-05,0.0002897288039075283,0.0,0.0,3.279020730675641e-05,4570,1752,7178,0.12977777777777777,0.5317037037037037,1,0,0
flow,0.5,1.5,0,registered,during_vibration,flow_dump_0.5_1.5.shear.wave,2178,217800,217.8,0.2178,158683.45183699526,682.9158335969962,0.004303636111335095,4.303636111335095e+17,51,0.000321394571454047,3.21394571454047e+26,589.4852668709134,0.0,62.13018452426314,4.943113106943615,0.0,26.357269094876138,0.00371485028871474,0.0,0.000391535373128165,3.115077879715738e-05,0.0,0.00016609967069503362,4698,1843,6959,0.1365185185185185,0.5154814814814814,1,0,0
flow,0.5,1.5,0,registered,during_vibration,flow_dump_0.5_1.5.shear.wave,2179,217900,217.9,0.21789999999999998,158683.4518369953,850.1478982345557,0.005357508224032427,5.357508224032427e+17,79,0.000497846493036661,4.97846493036661e+26,717.6296870036778,11.96764500072496,65.43905316019291,0.0,0.0,55.11151306996001,0.004522397759161742,7.541835561416012e-05,0.0004123873813093882,0.0,0.0,0.0003473047279471354,4818,1899,6783,0.14066666666666666,0.5024444444444445,1,0,0
flow,0.5,1.5,0,registered,during_vibration,flow_dump_0.5_1.5.shear.wave,2180,218000,218.0,0.218,158683.45183699526,789.6400202790381,0.00497619639059895,4.9761963905989504e+17,67,0.00042222424092982645,4.2222424092982644e+26,620.0006810286245,9.059883373777748,73.1605539353099,0.0,0.0,87.41890194132618,0.003907153983929649,5.7094065379195e-05,0.00046104715449763964,0.0,0.0,0.0005509011867924683,4653,1750,7097,0.12962962962962962,0.5257037037037037,1,0,0
flow,0.5,1.5,0,registered,during_vibration,flow_dump_0.5_1.5.shear.wave,2181,218100,218.1,0.2181,158683.45183699526,608.0641914313497,0.0038319319651300052,3.831931965130005e+17,50,0.0003150927171118108,3.150927171118108e+26,560.0907965703263,8.564712306952774,10.629532418674568,6.074111005506742,4.29527064453548,18.4097684853539,0.0035296106184132523,5.39735694415743e-05,6.698576502856495e-05,3.827816281527745e-05,2.7068169962345663e-05,0.00011601567946899093,4592,1706,7202,0.12637037037037038,0.5334814814814814,1,0,0
flow,0.5,1.5,0,registered,during_vibration,flow_dump_0.5_1.5.shear.wave,2182,218200,218.20000000000002,0.21819999999999998,158683.45183699526,711.860382098562,0.004486040439993755,4.486040439993755e+17,61,0.0003844131148764092,3.844131148764092e+26,593.8272700584043,0.0,66.59281642872669,0.0,0.0,51.440295611430905,0.0037422129603558335,0.0,0.0004196582293731105,0.0,0.0,0.0003241692502648104,4752,1852,6896,0.1371851851851852,0.5108148148148148,1,0,0
flow,0.5,1.5,0,registered,during_vibration,flow_dump_0.5_1.5.shear.wave,2183,218300,218.3,0.2183,158683.4518369953,847.9638486446621,0.005343744661640696,5.343744661640696e+17,79,0.000497846493036661,4.97846493036661e+26,710.043354550827,7.956011726413244,79.14372233696858,5.554895323936697,0.0,45.26586470651653,0.004474589797052097,5.013762704497955e-05,0.0004987522102699628,3.500614121781812e-05,0.0,0.0002852588860558382,4721,1819,6960,0.13474074074074074,0.5155555555555555,1,0,0
flow,0.5,1.5,0,registered,during_vibration,flow_dump_0.5_1.5.shear.wave,2184,218400,218.4,0.21839999999999998,158683.45183699526,655.4347419304015,0.0041304542744865745,4.130454274486575e+17,52,0.00032769642579628326,3.276964257962832e+26,575.2142048097813,0.0,44.03648185946374,10.286298943443132,0.0,25.897756317713327,0.0036249161342964725,0.0,0.0002775114944228679,6.48227576622769e-05,0.0,0.00016320388810495712,4612,1748,7140,0.12948148148148148,0.5288888888888889,1,0,0
flow,0.5,1.5,0,registered,during_vibration,flow_dump_0.5_1.5.shear.wave,2185,218500,218.5,0.2185,158683.45183699526,721.5330480915759,0.00454699617218283,4.54699617218283e+17,62,0.0003907149692186454,3.907149692186454e+26,640.6854869649542,7.005162417885476,44.46964905985169,5.273585309970814,0.0,24.099164338913845,0.004037506618037821,4.4145513201221535e-05,0.00028024125102554706,3.323336648479269e-05,0.0,0.00015186942343344838,4765,1861,6874,0.13785185185185186,0.5091851851851852,1,0,0
flow,0.5,1.5,0,registered,during_vibration,flow_dump_0.5_1.5.shear.wave,2186,218600,218.6,0.2186,158683.45183699526,778.4970051397747,0.0049059747322579795,4.9059747322579795e+17,75,0.0004726390756677162,4.726390756677162e+26,636.7290620620773,18.540630524954118,66.2150009340224,0.0,0.0,57.012311618720986,0.004012573804583895,0.00011684035298147944,0.00041727729115724417,0.0,0.0,0.0003592832835353611,4783,1862,6855,0.13792592592592592,0.5077777777777778,1,0,0
flow,0.5,1.5,0,registered,during_vibration,flow_dump_0.5_1.5.shear.wave,2187,218700,218.70000000000002,0.21869999999999998,158683.4518369953,724.616101302171,0.0045664251244453636,4.566425124445364e+17,68,0.00042852609527206263,4.2852609527206266e+26,604.0931488930221,6.851085194811996,70.154155758466,4.783919925210607,0.0,38.73379153066018,0.0038069070334666396,4.3174540983956224e-05,0.00044210127109240474,3.014756655359881e-05,0.0,0.00024409471234876316,4577,1639,7284,0.12140740740740741,0.5395555555555556,1,0,0
flow,0.5,1.5,0,registered,during_vibration,flow_dump_0.5_1.5.shear.wave,2188,218800,218.8,0.2188,158683.45183699526,670.2561539959015,0.004223856654469618,4.223856654469618e+17,57,0.0003592056975074643,3.592056975074643e+26,559.7435193317108,3.5901132417800645,57.6123386081841,0.0,4.268095151608225,45.04208766261851,0.003527422127839123,2.2624370721831436e-05,0.0003630645662243682,0.0,2.6896913964239636e-05,0.0002838486757200568,4659,1754,7087,0.12992592592592592,0.524962962962963,1,0,0
flow,0.5,1.5,0,registered,during_vibration,flow_dump_0.5_1.5.shear.wave,2189,218900,218.9,0.21889999999999998,158683.45183699526,727.0428899644168,0.004581718393114227,4.581718393114227e+17,61,0.0003844131148764092,3.844131148764092e+26,621.633018891914,0.0,64.53124437301183,0.0,0.0,40.87862669949088,0.003917440739381416,0.0,0.00040666650256197096,0.0,0.0,0.00025761115117083994,4745,1816,6939,0.1345185185185185,0.514,1,0,0
flow,0.5,1.5,0,registered,during_vibration,flow_dump_0.5_1.5.shear.wave,2190,219000,219.0,0.219,158683.45183699526,736.6987717808257,0.004642568353867084,4.6425683538670835e+17,62,0.0003907149692186454,3.907149692186454e+26,659.0784768998494,0.0,68.02000480696331,0.0,0.0,9.600290074013039,0.004153416561525748,0.0,0.00042865216265169004,0.0,0.0,6.049962968964631e-05,4589,1758,7153,0.1302222222222222,0.5298518518518519,1,0,0
flow,0.5,1.5,0,registered,during_vibration,flow_dump_0.5_1.5.shear.wave,2191,219100,219.1,0.2191,158683.4518369953,630.5670988211783,0.003973742009777535,3.9737420097775354e+17,51,0.00032139457145404697,3.2139457145404694e+26,567.1735093023792,6.431171585415587,39.53037230337326,10.966826163795425,0.0,6.465219466214959,0.0035742448423985505,4.052830658121738e-05,0.000249114648350227,6.911134108086392e-05,0.0,4.074287136667684e-05,4637,1736,7127,0.1285925925925926,0.5279259259259259,1,0,0
flow,0.5,1.5,0,registered,during_vibration,flow_dump_0.5_1.5.shear.wave,2192,219200,219.20000000000002,0.21919999999999998,158683.45183699526,868.2740872683071,0.005471736827102968,5.471736827102968e+17,81,0.0005104502017211335,5.104502017211335e+26,734.0403469545585,13.532328983320163,62.11720218465557,0.0,0.0,58.58420914577277,0.0046258153478321625,8.527876616410516e-05,0.00039145356031493664,0.0,0.0,0.00036918915279176277,4799,1908,6793,0.14133333333333334,0.5031851851851852,1,0,0
flow,0.5,1.5,0,registered,during_vibration,flow_dump_0.5_1.5.shear.wave,2193,219300,219.3,0.2193,158683.45183699526,740.2073174724603,0.0046646786977688455,4.6646786977688454e+17,66,0.0004159223865875903,4.159223865875903e+26,634.3760007101365,6.487393054184402,63.28904445529413,6.71891295851222,0.0,29.335966294333076,0.003997745154685619,4.088260608830504e-05,0.00039883833961657623,4.234161080270742e-05,0.0,0.00018487098657563817,4762,1833,6905,0.13577777777777778,0.5114814814814815,1,0,0
flow,0.5,1.5,0,registered,during_vibration,flow_dump_0.5_1.5.shear.wave,2194,219400,219.4,0.21939999999999998,158683.45183699526,731.5538615535688,0.004610145879011029,4.610145879011029e+17,58,0.00036550755184970053,3.6550755184970054e+26,620.9051835820684,6.279886871529092,50.21618469896291,14.418769432077372,0.0,39.73383696893115,0.0039128540272736325,3.957493235009781e-05,0.00031645508159569525,9.086498475523961e-05,0.0,0.00025039685303636464,4564,1651,7285,0.12229629629629629,0.5396296296296297,1,0,0
flow,0.5,1.5,0,registered,during_vibration,flow_dump_0.5_1.5.shear.wave,2195,219500,219.5,0.2195,158683.45183699526,696.6224533592285,0.0043900132326011,4.3900132326010995e+17,61,0.0003844131148764092,3.844131148764092e+26,594.23294322768,5.540604768818923,51.315544111502746,3.85629420094575,0.0,41.6770670502811,0.0037447694535791623,3.4916084220996214e-05,0.00032338308448328767,2.4301804355170313e-05,0.0,0.00026264280596248387,4707,1828,6965,0.13540740740740742,0.5159259259259259,1,0,0
flow,0.5,1.5,0,registered,during_vibration,flow_dump_0.5_1.5.shear.wave,2196,219600,219.6,0.2196,158683.45183699526,792.3635610723202,0.004993359747973352,4.993359747973352e+17,69,0.0004348279496142989,4.3482794961429895e+26,665.9478136481797,6.919964150865069,81.55527260718384,0.0,0.0,37.94051066609119,0.004196706121141496,4.3608606132247983e-05,0.0005139494488118398,0.0,0.0,0.00023909557188776624,4739,1820,6941,0.1348148148148148,0.5141481481481481,1,0,0
flow,0.5,1.5,0,registered,during_vibration,flow_dump_0.5_1.5.shear.wave,2197,219700,219.70000000000002,0.21969999999999998,158683.45183699526,668.1775549637741,0.004210757626133238,4.210757626133238e+17,55,0.0003466019888229919,3.466019888229919e+26,600.3343599303353,10.312255664709895,46.65720103623084,0.0,0.0,10.873738332498066,0.003783219692920583,6.498633313890206e-05,0.0002940268849467594,0.0,0.0,6.852471512699333e-05,4557,1743,7200,0.12911111111111112,0.5333333333333333,1,0,0
flow,0.5,1.5,0,registered,during_vibration,flow_dump_0.5_1.5.shear.wave,2198,219800,219.8,0.2198,158683.4518369953,673.6895047625179,0.004245493130906638,4.245493130906638e+17,50,0.00031509271711181074,3.150927171118107e+26,589.2963673505917,5.7321809694311,55.95035029382824,0.0,0.0,22.71060614866717,0.003713659871452354,3.6123369532693175e-05,0.00035259095794879875,0.0,0.0,0.0001431189319727947,4689,1827,6984,0.13533333333333333,0.5173333333333333,1,0,0
flow,0.5,1.5,0,registered,during_vibration,flow_dump_0.5_1.5.shear.wave,2199,219900,219.9,0.21989999999999998,158683.45183699526,824.7380445272091,0.005197379027111198,5.197379027111198e+17,75,0.0004726390756677162,4.726390756677162e+26,708.6333188017686,12.156059319520248,61.808596414595776,0.0,0.0,42.14006999132422,0.0044657039571441865,7.660571520719969e-05,0.0003895087717028462,0.0,0.0,0.0002655605830569646,4788,1900,6812,0.14074074074074075,0.5045925925925926,1,0,0
flow,0.5,1.5,0,registered,during_vibration,flow_dump_0.5_1.5.shear.wave,2200,220000,220.0,0.22,158683.45183699526,755.2923942324414,0.004759742654251699,4.7597426542516986e+17,69,0.0004348279496142989,4.3482794961429895e+26,592.9683963189862,13.580030268548818,71.20024786853641,10.185529757967034,0.0,67.35819001840292,0.0037368004631516483,8.557937271555361e-05,0.000448693591198631,6.418772493322075e-05,0.0,0.0004244815022526446,4655,1750,7095,0.12962962962962962,0.5255555555555556,1,0,0
flow,0.5,1.5,0,registered,after_removal,flow_dump_0.5_1.5.shear.wave,2240,224000,224.0,0.22399999999999998,158683.4518369953,1278.0827728998172,0.008054291472136014,8.054291472136014e+17,109,0.0006869021233037474,6.869021233037473e+26,1036.422258322214,11.367429510032236,39.602580680063056,16.752115105664956,0.0,173.93838928184311,0.006531382108998108,7.163588501786074e-05,0.0002495696950224154,0.0001055693893202756,0.0,0.0010961343937773561,5187,2591,5722,0.19192592592592592,0.42385185185185187,0,0,0
flow,0.5,1.5,0,registered,after_removal,flow_dump_0.5_1.5.shear.wave,2245,224500,224.5,0.22449999999999998,158683.45183699526,1204.5160774297356,0.007590684872843913,7.590684872843913e+17,112,0.0007058076863304561,7.058076863304562e+26,980.089038625922,10.969336283855856,44.5320561880533,36.17073592636443,0.0,132.75491040554056,0.006176378363842884,6.91271594918663e-05,0.00028063453165739084,0.00022794270925943918,0.0,0.0008366021085923355,5156,2578,5766,0.19096296296296297,0.4271111111111111,0,0,0
flow,0.5,1.5,0,registered,after_removal,flow_dump_0.5_1.5.shear.wave,2250,225000,225.0,0.22499999999999998,158683.45183699526,1226.6351171889028,0.007730075839596316,7.730075839596316e+17,101,0.0006364872885658578,6.364872885658577e+26,963.6722775417242,8.845164709458606,52.97079381938475,59.814869414214954,0.0,141.33201170412048,0.006072922326718978,5.574093963209626e-05,0.0003338142270423891,0.0003769445945482627,0.0,0.0008906537516545914,5147,2603,5750,0.19281481481481483,0.42592592592592593,0,0,0
flow,0.5,1.5,0,registered,after_removal,flow_dump_0.5_1.5.shear.wave,2255,225500,225.5,0.22549999999999998,158683.4518369953,1312.3619661883226,0.008270313955209538,8.270313955209537e+17,112,0.000705807686330456,7.058076863304561e+26,1027.2298352756713,8.698345909415156,53.256966440607016,39.67986987348135,0.0,183.4969486891478,0.006473452797906581,5.481570893952052e-05,0.0003356176452180677,0.0002500567602615664,0.0,0.001156371042883802,5165,2685,5650,0.1988888888888889,0.4185185185185185,0,0,0
flow,0.5,1.5,0,registered,after_removal,flow_dump_0.5_1.5.shear.wave,2260,226000,226.0,0.22599999999999998,158683.45183699526,1233.7118257459847,0.007774672226145503,7.774672226145503e+17,108,0.0006806002689615113,6.806002689615113e+26,1083.2147958780001,10.57973892441769,35.305578866951414,41.69452500737315,0.0,62.91718706924192,0.006826261864978291,6.667197368056714e-05,0.00022249061548786095,0.000262752823465191,0.0,0.0003964949485335905,5170,2690,5640,0.19925925925925925,0.4177777777777778,0,0,0
flow,0.5,1.5,0,registered,after_removal,flow_dump_0.5_1.5.shear.wave,2265,226500,226.5,0.22649999999999998,158683.45183699526,1208.750761941956,0.0076173712378252495,7.617371237825249e+17,99,0.0006238835798813854,6.238835798813854e+26,1029.837244648555,7.257485549764803,75.53194548192894,28.0037234435125,0.0,68.12036281819515,0.006489884311985077,4.573561682550192e-05,0.000475991318612843,0.00017647538618128136,0.0,0.00042928460422054956,5151,2680,5669,0.1985185185185185,0.4199259259259259,0,0,0
flow,0.5,1.5,0,registered,after_removal,flow_dump_0.5_1.5.shear.wave,2270,227000,227.0,0.22699999999999998,158683.45183699526,1269.4627590165178,0.00799996940021541,7.99996940021541e+17,110,0.0006932039776459838,6.932039776459838e+26,1035.3214791942548,13.103527236740165,62.257599624033915,43.20667109638269,0.0,115.57348186510572,0.006524445159270737,8.257652001546154e-05,0.00039233832452792195,0.00027228214786231125,0.0,0.0007283272485389751,5128,2700,5672,0.2,0.42014814814814816,0,0,0
flow,0.5,1.5,0,registered,after_removal,flow_dump_0.5_1.5.shear.wave,2275,227500,227.5,0.22749999999999998,158683.45183699526,1174.961649986674,0.007404437175929551,7.404437175929551e+17,108,0.0006806002689615113,6.806002689615113e+26,845.9557619403965,17.071572962479756,45.67372638502944,42.45744760397621,6.838302107966528,216.96483898682573,0.005331089991723835,0.00010758256620240544,0.0002878291709456066,0.0002675606505433841,4.309398383261193e-05,0.001367280812681709,5131,2721,5648,0.20155555555555554,0.4183703703703704,0,0,0
flow,0.5,1.5,0,registered,after_removal,flow_dump_0.5_1.5.shear.wave,2280,228000,228.0,0.22799999999999998,158683.45183699526,1238.4973679760753,0.007804830016228155,7.804830016228155e+17,106,0.0006679965602770389,6.679965602770389e+26,973.9404296350946,16.297772038723927,59.97820950620961,45.63416189739215,6.041603397904019,136.60519150075172,0.006137630725575326,0.00010270618549100837,0.0003779739400162605,0.0002875798413073912,3.8073304607150524e-05,0.000860866019231022,5142,2732,5626,0.20237037037037037,0.41674074074074074,0,0,0
flow,0.5,1.5,0,registered,after_removal,flow_dump_0.5_1.5.shear.wave,2285,228500,228.5,0.22849999999999998,158683.45183699526,1314.1359450844475,0.008281493311819118,8.281493311819118e+17,111,0.00069950583198822,6.995058319882199e+26,928.3518881284696,9.688275709247032,73.3085527930872,43.40154444291535,6.24366765653956,253.14201635418783,0.005850338377325586,6.105410234710006e-05,0.0004619798217421695,0.0002735102113073442,3.934668413284364e-05,0.0015952641149640698,5174,2751,5575,0.20377777777777778,0.412962962962963,0,0,0
flow,0.5,1.5,0,registered,after_removal,flow_dump_0.5_1.5.shear.wave,2290,229000,229.0,0.22899999999999998,158683.45183699526,1475.655726456915,0.009299367447418248,9.299367447418248e+17,118,0.0007436188123838735,7.436188123838735e+26,1244.735455514091,22.922978538950503,63.80601982825593,28.580352628278604,0.0,115.61091994733906,0.007844141535266849,0.00014445727184267282,0.00040209624311550473,0.00018010921931315978,0.0,0.0007285631778800622,5196,2769,5535,0.2051111111111111,0.41,0,0,0
flow,0.5,1.5,0,registered,after_removal,flow_dump_0.5_1.5.shear.wave,2295,229500,229.5,0.22949999999999998,158683.45183699526,1384.5589363816723,0.0087252887453188,8.7252887453188e+17,117,0.0007373169580416372,7.373169580416372e+26,1062.6324631899095,20.159905137013496,41.77941529787863,27.390004450983866,0.0,232.5971483058873,0.006696555002354497,0.0001270447857267587,0.0002632877897110266,0.00017260781848330196,0.0,0.0014657933490432168,5199,2766,5535,0.2048888888888889,0.41,0,0,0
flow,0.5,1.5,0,registered,after_removal,flow_dump_0.5_1.5.shear.wave,2300,230000,230.0,0.22999999999999998,158683.45183699526,1382.264466010617,0.008710829327247831,8.710829327247831e+17,120,0.0007562225210683459,7.56222521068346e+26,1077.7592716966972,8.126983526102013,42.31885497852248,30.537030635320242,0.0,223.52232517397493,0.006791881946227173,5.1215066423248165e-05,0.0002666872600048666,0.00019243991910819323,0.0,0.0014086051354843495,5186,2786,5528,0.20637037037037037,0.4094814814814815,0,0,0
